*Vertices 126
0.00000000000000000
0.15342697947214071
0.28280527859237542
0.00000000000000000
0.62785982404692087
0.00000000000000000
0.00000000000000000
0.00000000000000000
0.00000000000000000
0.00088172043010753
0.00000000000000000
0.00000000000000000
0.00000000000000000
0.00000000000000000
0.00000000000000000
0.00000000000000000
0.00000000000000000
0.00000000000000000
0.00000000000000000
0.00000000000000000
0.00000000000000000
0.00000000000000000
0.00000000000000000
0.00000000000000000
0.00000000000000000
0.00000000000000000
0.00000000000000000
0.00000000000000000
0.00000000000000000
0.00000000000000000
0.00000000000000000
0.00000000000000000
0.00000000000000000
0.00000000000000000
0.00000000000000000
0.00000000000000000
0.00000000000000000
0.00000000000000000
0.00000000000000000
0.00000000000000000
0.00000000000000000
0.00000000000000000
0.00000000000000000
0.00000000000000000
0.00000000000000000
0.00000000000000000
0.00000000000000000
0.00000000000000000
0.00000000000000000
0.00000000000000000
0.00000000000000000
0.00000000000000000
0.00048993157380254
0.00000000000000000
0.00000000000000000
0.00000000000000000
0.00000000000000000
0.00000000000000000
0.00000000000000000
0.00000000000000000
0.00000000000000000
0.00000000000000000
0.00046412512218964
0.00000000000000000
0.00000000000000000
0.00000000000000000
0.00000000000000000
0.00000000000000000
0.00000000000000000
0.00000000000000000
0.00000000000000000
0.00000000000000000
0.00000000000000000
0.00000000000000000
0.00086021505376344
0.00000000000000000
0.00400606060606061
0.00000000000000000
0.00000000000000000
0.00046412512218964
0.00000000000000000
0.00000000000000000
0.00000000000000000
0.00000000000000000
0.00000000000000000
0.00000000000000000
0.00000000000000000
0.00026001955034213
0.00019139784946237
0.00003225806451613
0.00000000000000000
0.00000000000000000
0.00000000000000000
0.00000000000000000
0.00000000000000000
0.00000000000000000
0.00000000000000000
0.00000000000000000
0.00000000000000000
0.00000000000000000
0.00000000000000000
0.00000000000000000
0.00000000000000000
0.00000000000000000
0.00000000000000000
0.00000000000000000
0.00000000000000000
0.00000000000000000
0.00000000000000000
0.00000000000000000
0.00000000000000000
0.00000000000000000
0.00000000000000000
0.00000000000000000
0.00000000000000000
0.00000000000000000
0.00000000000000000
0.00000000000000000
0.00000000000000000
0.00000000000000000
0.00000000000000000
0.00000000000000000
0.00000000000000000
0.00000000000000000
0.00000000000000000
0.00000000000000000
