3 2
6 1
5 3
1 10
7 6
11 8
9 10
1 11
10 13
9 14
3 13
14 15
9 11
8 9
4 6
5 4
15 11
12 8
15 8
2 6
13 7
2 11
6 13
14 5
11 5
3 10
10 4
13 9
11 7
9 7
2 7
8 2
4 3
1 4
12 2
14 8
2 9
9 5
1 14
13 2
9 12
robustness=0.900562851782
*****
13 5
11 3
15 11
8 3
5 7
12 4
14 5
6 9
1 6
4 1
5 2
1 8
11 6
8 6
13 7
10 3
6 7
10 6
13 8
7 15
14 10
8 15
13 1
10 5
7 3
13 10
9 15
2 14
5 4
1 10
8 7
8 11
13 2
15 5
7 4
9 11
8 14
8 10
10 15
15 2
14 15
robustness=0.900562851782
*****
2 11
15 10
15 13
4 14
12 15
5 10
15 5
9 2
11 4
1 14
14 6
5 11
1 6
3 7
2 14
8 5
3 5
6 3
5 9
8 13
15 2
11 9
4 3
1 5
12 6
13 10
10 3
14 5
13 7
13 4
7 6
9 6
11 12
4 8
2 6
6 13
12 7
11 8
4 5
10 6
1 12
robustness=0.900562851782
*****
7 6
4 14
7 14
10 15
4 8
10 4
6 2
7 1
15 11
1 15
8 11
9 7
8 13
15 8
6 3
2 8
11 14
9 11
3 13
13 9
11 7
9 15
12 13
3 2
8 14
9 5
7 2
14 13
6 9
11 3
14 3
5 6
5 15
2 4
4 6
6 13
11 1
3 1
2 10
5 8
12 3
robustness=0.956848030019
*****
9 8
10 15
7 8
6 4
8 14
9 11
7 9
14 2
1 10
11 3
7 13
3 9
12 4
5 14
14 12
4 8
7 3
4 13
15 7
15 6
11 12
5 10
7 14
5 15
8 13
2 11
7 11
1 4
2 9
13 5
14 13
1 15
11 13
3 4
11 4
10 3
3 6
13 3
4 7
9 15
7 5
robustness=0.900562851782
*****
11 13
13 6
3 7
14 12
11 1
9 15
15 1
9 11
5 2
8 12
12 6
7 6
12 10
5 12
5 3
7 4
10 7
14 13
4 9
9 1
4 12
3 14
2 8
12 2
13 12
5 10
14 4
6 2
8 14
8 3
13 15
2 13
2 7
15 14
7 8
10 4
7 9
10 13
15 7
9 8
11 8
robustness=0.928705440901
*****
13 5
2 4
3 2
7 9
15 1
6 4
2 1
8 1
14 4
8 3
5 1
9 4
2 11
13 10
2 15
3 6
3 15
2 10
8 15
7 14
14 10
6 14
6 12
4 11
7 12
10 7
4 13
8 13
12 11
13 9
10 8
3 10
4 1
6 5
7 4
13 3
15 13
3 9
7 2
10 9
12 5
robustness=0.928705440901
*****
4 2
11 12
5 12
10 14
11 6
8 3
10 2
8 2
8 13
5 2
11 1
8 12
14 9
3 13
12 4
4 5
14 8
6 14
8 1
14 7
6 2
2 7
11 3
15 9
5 1
7 8
13 12
3 4
8 6
11 4
3 5
4 10
15 10
1 12
1 4
7 4
11 9
10 9
14 12
13 14
1 9
robustness=0.928705440901
*****
13 4
12 7
1 7
10 1
8 1
5 8
2 11
8 3
11 8
14 5
14 10
12 11
5 2
2 13
15 2
4 9
4 11
8 10
8 7
2 7
4 8
10 11
9 8
9 12
9 15
6 13
5 3
11 3
9 6
10 5
13 7
7 10
1 2
13 5
11 6
8 12
1 5
12 2
14 11
4 10
11 5
robustness=0.900562851782
*****
14 8
7 13
11 12
14 10
7 6
1 10
13 1
7 3
9 6
12 13
3 1
14 3
9 4
2 14
7 4
11 9
9 14
8 13
7 8
14 11
4 2
4 11
5 12
3 5
10 12
5 4
3 10
12 9
7 1
3 8
13 10
1 9
5 10
13 14
10 2
10 6
6 8
1 5
1 6
15 14
10 11
robustness=0.900562851782
*****
11 4
2 9
15 1
11 9
5 1
11 10
10 2
11 7
6 10
13 15
11 3
6 3
3 8
3 7
12 13
7 9
14 13
3 5
11 12
8 15
6 13
10 5
1 10
4 13
4 1
5 6
13 1
4 15
12 4
9 10
12 9
8 9
15 2
2 6
4 14
13 11
11 2
7 2
15 7
4 9
14 3
robustness=0.928705440901
*****
14 12
13 8
3 6
10 4
4 15
4 14
14 6
14 5
1 6
8 2
1 12
4 11
11 7
4 8
8 15
15 1
9 13
11 3
14 11
12 8
2 13
13 10
2 14
5 13
7 12
12 5
10 7
3 12
9 11
12 4
4 6
8 7
7 9
8 10
8 1
9 1
5 11
5 8
5 4
10 11
5 10
robustness=0.900562851782
*****
11 6
12 13
11 4
2 10
10 9
15 5
13 15
9 14
1 5
15 10
1 7
7 14
6 15
12 1
7 13
14 8
7 4
4 15
9 15
3 13
15 11
10 1
12 14
12 5
6 2
3 1
9 7
6 14
9 1
12 7
5 10
8 12
1 6
8 13
13 6
13 11
6 12
14 10
1 11
8 6
1 2
robustness=0.900562851782
*****
1 3
5 10
15 14
9 2
11 7
6 7
10 13
14 6
3 5
1 14
12 14
12 9
7 14
8 4
8 11
12 5
10 6
3 9
2 6
14 8
11 14
7 13
13 12
15 9
12 11
7 10
3 2
12 4
6 1
11 6
13 4
12 2
5 2
4 9
3 6
11 13
4 2
9 8
8 2
7 3
15 6
robustness=0.928705440901
*****
1 15
12 9
14 4
1 2
9 3
11 12
2 7
2 3
13 3
15 5
7 9
14 3
3 11
4 8
2 12
5 11
10 13
12 1
5 2
3 4
4 6
12 4
8 14
11 13
12 10
5 4
10 8
15 7
6 2
1 8
2 14
7 6
2 4
3 6
5 8
6 15
5 13
12 3
11 8
15 11
14 5
robustness=0.928705440901
*****
2 14
6 4
4 14
15 13
13 6
10 2
8 2
6 11
5 4
2 5
10 3
14 15
6 9
12 9
12 14
15 9
10 5
7 13
12 11
1 8
10 11
10 8
11 13
10 6
2 1
7 14
7 6
9 4
2 13
12 2
4 12
9 2
11 1
14 13
15 1
11 4
1 4
15 5
4 8
2 7
7 15
robustness=0.900562851782
*****
14 8
13 1
13 12
4 12
2 10
8 11
12 5
9 10
1 5
10 5
3 12
4 5
15 14
6 10
14 2
1 7
10 8
4 6
9 7
2 13
13 10
15 9
11 2
8 15
2 12
13 11
15 6
4 8
4 11
11 3
13 7
6 1
9 5
14 5
14 3
15 13
14 9
3 6
4 9
15 7
15 5
robustness=0.956848030019
*****
5 10
5 9
9 4
7 15
12 7
6 9
12 11
11 13
1 10
1 7
15 2
6 7
9 14
2 4
11 15
3 8
5 11
1 11
9 7
5 4
5 8
13 14
9 13
9 12
4 11
5 3
8 4
6 13
13 7
1 6
7 11
10 12
2 11
7 3
3 13
9 15
6 12
4 10
2 9
7 2
12 15
robustness=0.900562851782
*****
