8 3
12 5
11 15
7 3
5 13
13 12
6 15
2 6
11 5
8 5
5 6
12 8
1 5
5 9
5 15
1 2
2 3
13 11
9 7
3 5
5 14
14 13
2 14
6 3
2 5
11 2
4 8
13 8
9 3
10 1
4 2
10 13
12 6
11 14
4 6
9 15
11 10
4 12
12 1
13 7
12 15
15 3
3 13
13 6
12 14
10 7
6 7
2 13
9 1
11 3
10 14
14 4
4 15
6 14
14 7
8 1
robustness=0.927197802198
*****
11 9
7 13
15 11
11 13
1 13
5 7
12 13
1 7
7 3
10 9
10 7
13 2
4 15
3 12
7 8
12 6
15 13
4 7
1 10
14 6
15 6
14 7
13 9
7 12
2 4
9 7
12 9
4 12
3 13
4 8
1 11
10 12
2 9
3 10
5 3
14 5
10 6
15 7
10 8
12 1
8 5
2 15
3 1
3 4
8 14
11 6
2 11
11 12
3 8
13 6
15 3
15 12
1 6
8 13
4 13
3 11
robustness=0.927197802198
*****
14 5
8 4
11 15
12 7
10 11
15 9
6 9
12 11
15 13
15 8
6 5
13 10
1 6
13 9
15 1
11 3
10 15
11 2
7 15
3 15
4 1
9 4
3 13
5 15
10 12
15 2
6 11
14 13
10 4
7 3
3 12
15 4
7 8
7 11
12 14
12 9
3 2
7 6
5 8
1 5
6 8
11 14
1 2
6 10
1 14
5 7
3 6
5 10
7 10
8 12
3 9
5 4
13 4
5 12
1 7
13 2
robustness=0.927197802198
*****
11 10
15 9
11 8
15 12
3 15
9 1
6 7
4 2
8 3
15 8
5 4
11 5
9 8
7 1
3 2
3 13
13 4
6 5
13 10
4 3
6 14
9 14
3 11
15 14
1 15
3 7
5 3
15 6
11 15
3 1
3 9
12 3
15 5
4 8
11 13
5 12
11 9
10 12
15 10
6 12
10 6
8 6
14 4
6 9
7 12
13 12
7 9
13 6
8 7
9 13
2 10
13 5
8 2
7 11
5 9
4 9
robustness=0.927197802198
*****
