15 5
1 3
12 7
6 13
15 14
12 5
1 10
5 8
11 12
12 6
1 12
5 14
15 6
5 2
4 12
7 3
7 2
13 5
3 6
10 14
4 5
8 7
11 5
12 8
8 10
12 14
8 14
6 7
10 5
14 6
2 11
15 7
5 7
6 5
14 3
1 15
11 8
3 2
8 2
11 1
11 3
2 12
4 13
13 14
8 13
10 9
6 10
1 7
10 15
9 2
13 2
2 10
13 12
1 2
4 11
13 11
11 14
4 9
8 4
robustness=0.938722294654
*****
7 9
1 9
13 6
9 14
6 8
10 12
3 11
9 12
11 12
9 8
9 3
10 6
13 5
7 15
11 6
15 3
11 1
4 9
3 14
15 11
15 12
5 9
8 15
3 2
10 15
1 6
6 14
2 10
3 5
2 6
14 15
13 4
5 6
7 1
6 9
9 13
9 11
4 2
1 14
4 10
5 11
7 12
12 3
8 7
13 11
7 5
4 11
8 14
1 3
2 14
7 10
2 8
11 2
13 2
4 7
14 5
6 7
7 11
14 7
robustness=0.938722294654
*****
