0.0000000 
0.0000000 
0.0000000 
0.0000000 
0.0000000 
0.0000000 
0.0539958 
0.0632473 
0.0000000 
0.0000000 
0.0071489 
0.0038733 
0.0075167 
0.0000000 
0.0000000 
0.0000000 
0.0000000 
0.0000000 
0.0000000 
0.0000000 
0.0000000 
0.0004716 
0.0000354 
0.0000000 
0.0000000 
0.0000000 
0.0000000 
0.0000000 
0.0000000 
0.0000000 
0.0000000 
0.0000000 
0.0000000 
0.1264197 
0.1912623 
0.0000000 
0.0000000 
0.0000000 
0.3841539 

0.0000000 
0.0000000 
0.0000000 
0.0000000 
0.0000000 
0.0000000 
0.0023145 
0.0018137 
0.0001991 
0.0000000 
0.0002541 
0.0001139 
0.0001763 
0.0000000 
0.0000000 
0.0000000 
0.0000000 
0.0000000 
0.0000000 
0.0000000 
0.0000000 
0.0000214 
0.0000082 
0.0000000 
0.0000000 
0.0000000 
0.0000000 
0.0000000 
0.0000000 
0.0000000 
0.0000000 
0.0000000 
0.0000000 
0.0000000 
0.0067018 
0.0159002 
0.0000000 
0.0000000 
0.0247267 

0.0000000 
0.0000000 
0.0000000 
0.0000000 
0.0000000 
0.0000000 
0.0000000 
0.0000000 
0.0000000 
0.0000000 
0.0000000 
0.0000000 
0.0000000 
0.2163206 
0.0337096 
0.0771160 
0.0483692 
0.0189310 
0.0000000 
0.0000000 
0.0000000 
0.0000000 
0.0000000 
0.0000000 
0.0000000 
0.0000000 
0.0000000 
0.0000000 
0.0000000 
0.0000000 
0.0000000 
0.0000000 
0.0000000 
0.0000000 
0.0000000 
0.1608637 
0.0000000 
0.0000000 
0.4446903 

0.0000000 
0.0000000 
0.0000000 
0.0000000 
0.0000000 
0.0000000 
0.0000000 
0.0000000 
0.0000000 
0.0000000 
0.0000000 
0.0000000 
0.0000000 
0.0000000 
0.0000000 
0.0000000 
0.0290028 
0.0000000 
0.0000000 
0.0000000 
0.0000000 
0.0000000 
0.0000000 
0.0000000 
0.0000000 
0.0000000 
0.0000000 
0.0000000 
0.0000000 
0.0000000 
0.0000000 
0.0000000 
0.0000000 
0.0000000 
0.0000000 
0.0511310 
0.0000000 
0.0000000 
0.0446316 

0.0000000 
0.0000000 
0.0000000 
0.0000000 
0.0000000 
0.1459460 
0.0000000 
0.0000000 
0.0000000 
0.0000000 
0.0000000 
0.0000000 
0.0000000 
0.0000000 
0.0000000 
0.0000000 
0.0000000 
0.0000000 
0.0000000 
0.0000000 
0.0000000 
0.0000000 
0.0000000 
0.0000000 
0.0000000 
0.0000000 
0.0000000 
0.0000000 
0.0000000 
0.0000000 
0.0000000 
0.0000000 
0.0000000 
0.0000000 
0.0110050 
0.0000000 
0.0000000 
0.0000000 
0.1349410 

0.0000000 
0.0000000 
0.0000000 
0.0000000 
0.0000000 
0.0000000 
0.0520445 
0.0000000 
0.0000000 
0.0000000 
0.0000000 
0.0000000 
0.0000000 
0.0000000 
0.0000000 
0.0000000 
0.0000000 
0.0000000 
0.0000000 
0.0000000 
0.0000000 
0.0000000 
0.0000000 
0.0000000 
0.0000000 
0.0000000 
0.0000000 
0.0000000 
0.0000000 
0.0000000 
0.0000000 
0.0000000 
0.0000000 
0.0000000 
0.0205099 
0.0000000 
0.0000000 
0.0000000 
0.0733917 

0.0000000 
0.0000000 
0.0000000 
0.0000000 
0.0000000 
0.0000000 
0.0000000 
0.0125897 
0.0057274 
0.0000000 
0.0004833 
0.0002600 
0.0005066 
0.0000000 
0.0000000 
0.0000000 
0.0000000 
0.0000000 
0.0000000 
0.0000000 
0.0000000 
0.0000000 
0.0000000 
0.0000000 
0.0000000 
0.0000000 
0.0000000 
0.0000000 
0.0000000 
0.0000000 
0.0000000 
0.0000000 
0.0000000 
0.0000000 
0.0641597 
0.0000000 
0.0000000 
0.0000000 
0.0597954 

0.0000000 
0.0000000 
0.0000000 
0.0000000 
0.0000000 
0.0000000 
0.0000000 
0.0000000 
0.0114907 
0.0019363 
0.0000000 
0.0000000 
0.0000000 
0.0000000 
0.0000000 
0.0000000 
0.0000000 
0.0000000 
0.0000000 
0.0000082 
0.0000429 
0.0025628 
0.0004147 
0.0000087 
0.0000000 
0.0000000 
0.0000000 
0.0000000 
0.0000000 
0.0000000 
0.0000000 
0.0000000 
0.0000000 
0.0000000 
0.0367307 
0.0000000 
0.0000000 
0.0300199 
0.0651566 

0.0000000 
0.0000000 
0.0000000 
0.0000000 
0.0000000 
0.0000000 
0.0000000 
0.0000000 
0.0000000 
0.0009182 
0.0000000 
0.0000000 
0.0000000 
0.0000000 
0.0000000 
0.0000000 
0.0000000 
0.0000000 
0.0000000 
0.0000000 
0.0000000 
0.0000000 
0.0000000 
0.0000000 
0.0000000 
0.0000000 
0.0000000 
0.0000000 
0.0000000 
0.0000000 
0.0000000 
0.0000000 
0.0000000 
0.0000000 
0.0102414 
0.0009764 
0.0000000 
0.0000000 
0.0107421 

0.0000000 
0.0000000 
0.0000000 
0.0000000 
0.0000000 
0.0000000 
0.0000000 
0.0000000 
0.0000000 
0.0000000 
0.0000000 
0.0000000 
0.0000000 
0.0000000 
0.0000000 
0.0000000 
0.0000000 
0.0000000 
0.0000000 
0.0000000 
0.0000000 
0.0000000 
0.0000000 
0.0000000 
0.0000000 
0.0000000 
0.0000000 
0.0000000 
0.0000000 
0.0000000 
0.0000000 
0.0000000 
0.0000000 
0.0000000 
0.0007457 
0.0003136 
0.0000000 
0.0000000 
0.0017951 

0.0000000 
0.0000000 
0.0000000 
0.0000000 
0.0000000 
0.0000000 
0.0000000 
0.0000000 
0.0000000 
0.0000000 
0.0000000 
0.0000000 
0.0000000 
0.0000000 
0.0000000 
0.0000000 
0.0000000 
0.0000000 
0.0008919 
0.0000000 
0.0000000 
0.0000000 
0.0000000 
0.0000000 
0.0000000 
0.0000000 
0.0000000 
0.0000000 
0.0000000 
0.0000000 
0.0000000 
0.0000000 
0.0000000 
0.0000000 
0.0000000 
0.0057260 
0.0000000 
0.0000000 
0.0055420 

0.0000000 
0.0000000 
0.0000000 
0.0000000 
0.0000000 
0.0000000 
0.0000000 
0.0000000 
0.0000000 
0.0000000 
0.0000000 
0.0000000 
0.0000000 
0.0000000 
0.0000000 
0.0000000 
0.0000000 
0.0000000 
0.0003611 
0.0000000 
0.0000000 
0.0000000 
0.0000000 
0.0000000 
0.0000000 
0.0000151 
0.0000000 
0.0000000 
0.0000000 
0.0000000 
0.0000000 
0.0000000 
0.0000000 
0.0000000 
0.0000000 
0.0022573 
0.0000000 
0.0008549 
0.0030954 

0.0000000 
0.0000000 
0.0000000 
0.0000000 
0.0000000 
0.0000000 
0.0000000 
0.0000000 
0.0000000 
0.0000000 
0.0000000 
0.0000000 
0.0000000 
0.0000000 
0.0000000 
0.0000000 
0.0000000 
0.0000000 
0.0000000 
0.0000000 
0.0000000 
0.0000000 
0.0000000 
0.0000000 
0.0000000 
0.0000000 
0.0000000 
0.0000000 
0.0000000 
0.0000000 
0.0000000 
0.0000000 
0.0000000 
0.0000000 
0.0000000 
0.0025562 
0.0000000 
0.0050252 
0.0052015 

0.0000000 
0.0000000 
0.0000000 
0.0000000 
0.0000000 
0.0000000 
0.0000000 
0.0000000 
0.0000000 
0.0000000 
0.0000000 
0.0000000 
0.0000000 
0.0000000 
0.0000000 
0.0000000 
0.0000000 
0.0000000 
0.0000000 
0.0000000 
0.0000000 
0.0000000 
0.0000000 
0.0000000 
0.0000096 
0.0000789 
0.0004199 
0.0001016 
0.0002043 
0.0000000 
0.0000000 
0.0000000 
0.0000000 
0.0000000 
0.0000000 
0.1835315 
0.0000000 
0.0000000 
0.0319751 

0.0000000 
0.0000000 
0.0000000 
0.0000000 
0.0000000 
0.0000000 
0.0000000 
0.0000000 
0.0000000 
0.0000000 
0.0000000 
0.0000000 
0.0000000 
0.0000000 
0.0000000 
0.0000000 
0.0000000 
0.0000000 
0.0004707 
0.0000000 
0.0000000 
0.0000000 
0.0000000 
0.0000000 
0.0000028 
0.0000187 
0.0001297 
0.0000789 
0.0000302 
0.0000000 
0.0000000 
0.0000000 
0.0000000 
0.0000000 
0.0000000 
0.0307331 
0.0000000 
0.0000000 
0.0022453 

0.0000000 
0.0000000 
0.0000000 
0.0000000 
0.0000000 
0.0000000 
0.0000000 
0.0000000 
0.0000000 
0.0000000 
0.0000000 
0.0000000 
0.0000000 
0.0000000 
0.0000000 
0.0000000 
0.0000000 
0.0000000 
0.0060688 
0.0000000 
0.0000000 
0.0000000 
0.0000000 
0.0000000 
0.0000000 
0.0000000 
0.0000736 
0.0000000 
0.0000000 
0.0000000 
0.0000000 
0.0000000 
0.0000000 
0.0000000 
0.0000000 
0.0317226 
0.0000000 
0.0000000 
0.0392517 

0.0000000 
0.0000000 
0.0000000 
0.0000000 
0.0000000 
0.0000000 
0.0000000 
0.0000000 
0.0000000 
0.0000000 
0.0000000 
0.0000000 
0.0000000 
0.0000000 
0.0000000 
0.0000000 
0.0000000 
0.0000000 
0.0000000 
0.0000000 
0.0000000 
0.0000000 
0.0000000 
0.0000000 
0.0000000 
0.0000000 
0.0000000 
0.0000000 
0.0000000 
0.0000000 
0.0000000 
0.0000000 
0.0000000 
0.0000000 
0.0000000 
0.0430805 
0.0000000 
0.0000000 
0.0342916 

0.0000000 
0.0000000 
0.0000000 
0.0000000 
0.0000000 
0.0000000 
0.0000000 
0.0000000 
0.0000000 
0.0000000 
0.0000000 
0.0000000 
0.0000000 
0.0000000 
0.0000000 
0.0000000 
0.0000000 
0.0000000 
0.0012932 
0.0000000 
0.0000000 
0.0000000 
0.0000000 
0.0000000 
0.0000004 
0.0000187 
0.0000027 
0.0000000 
0.0000576 
0.0000000 
0.0000000 
0.0000012 
0.0000000 
0.0000000 
0.0000000 
0.0053301 
0.0000000 
0.0000000 
0.0122271 

0.0000000 
0.0000000 
0.0000000 
0.0000000 
0.0000000 
0.0000000 
0.0000000 
0.0000000 
0.0000000 
0.0000000 
0.0000000 
0.0000000 
0.0000000 
0.0000000 
0.0000000 
0.0000000 
0.0000000 
0.0000000 
0.0004005 
0.0000000 
0.0000000 
0.0000000 
0.0000000 
0.0000000 
0.0000000 
0.0000000 
0.0000000 
0.0000000 
0.0000000 
0.0000000 
0.0000000 
0.0000000 
0.0000033 
0.0000000 
0.0000000 
0.0023388 
0.0000000 
0.0021250 
0.0068921 

0.0000000 
0.0000000 
0.0000000 
0.0000000 
0.0000000 
0.0000000 
0.0000000 
0.0000000 
0.0000000 
0.0000000 
0.0000000 
0.0000000 
0.0000000 
0.0000000 
0.0000000 
0.0000000 
0.0000000 
0.0000000 
0.0000000 
0.0000000 
0.0000000 
0.0000000 
0.0000000 
0.0000000 
0.0000000 
0.0000000 
0.0000000 
0.0000000 
0.0000000 
0.0000000 
0.0000000 
0.0000000 
0.0000000 
0.0000000 
0.0000000 
0.0000057 
0.0000000 
0.0000015 
0.0000010 

0.0000000 
0.0000000 
0.0000000 
0.0000000 
0.0000000 
0.0000000 
0.0000000 
0.0000000 
0.0000000 
0.0000000 
0.0000000 
0.0000000 
0.0000000 
0.0000000 
0.0000000 
0.0000000 
0.0000000 
0.0000000 
0.0000000 
0.0000000 
0.0000000 
0.0000000 
0.0000000 
0.0000000 
0.0000000 
0.0000000 
0.0000000 
0.0000000 
0.0000000 
0.0000000 
0.0000000 
0.0000000 
0.0000003 
0.0000000 
0.0000000 
0.0000221 
0.0000000 
0.0000065 
0.0000140 

0.0000000 
0.0000000 
0.0000000 
0.0000000 
0.0000000 
0.0000000 
0.0000000 
0.0000000 
0.0000000 
0.0000000 
0.0000000 
0.0000000 
0.0000000 
0.0000000 
0.0000000 
0.0000000 
0.0000000 
0.0000000 
0.0000000 
0.0000000 
0.0000000 
0.0000000 
0.0000000 
0.0000000 
0.0000000 
0.0000000 
0.0000242 
0.0000244 
0.0000000 
0.0000045 
0.0001527 
0.0000206 
0.0000287 
0.0000000 
0.0000000 
0.0019317 
0.0000000 
0.0001542 
0.0012215 

0.0000000 
0.0000000 
0.0000000 
0.0000000 
0.0000000 
0.0000000 
0.0000000 
0.0000000 
0.0000000 
0.0000000 
0.0000000 
0.0000000 
0.0000000 
0.0000000 
0.0000000 
0.0000000 
0.0000000 
0.0000000 
0.0000000 
0.0000000 
0.0000000 
0.0000000 
0.0000000 
0.0000000 
0.0000000 
0.0000000 
0.0000000 
0.0000000 
0.0000000 
0.0000043 
0.0000000 
0.0000133 
0.0000177 
0.0000000 
0.0000000 
0.0002213 
0.0000000 
0.0000123 
0.0003638 

0.0000000 
0.0000000 
0.0000000 
0.0000000 
0.0000000 
0.0000000 
0.0000000 
0.0000000 
0.0000000 
0.0000000 
0.0000000 
0.0000000 
0.0000000 
0.0000000 
0.0000000 
0.0000000 
0.0000000 
0.0000000 
0.0000000 
0.0000000 
0.0000000 
0.0000000 
0.0000000 
0.0000000 
0.0000000 
0.0000000 
0.0000000 
0.0000000 
0.0000000 
0.0000000 
0.0000000 
0.0000000 
0.0000000 
0.0000000 
0.0000000 
0.0000045 
0.0000000 
0.0000015 
0.0000027 

0.0000000 
0.0000000 
0.0000000 
0.0000000 
0.0000000 
0.0000000 
0.0000000 
0.0000000 
0.0000000 
0.0000000 
0.0000000 
0.0000000 
0.0000000 
0.0000000 
0.0000000 
0.0000000 
0.0000000 
0.0000000 
0.0000000 
0.0000000 
0.0000000 
0.0000000 
0.0000000 
0.0000000 
0.0000000 
0.0000000 
0.0000000 
0.0000000 
0.0000000 
0.0000000 
0.0000000 
0.0000000 
0.0000000 
0.0000000 
0.0000000 
0.0000066 
0.0000000 
0.0000021 
0.0000041 

0.0000000 
0.0000000 
0.0000000 
0.0000000 
0.0000000 
0.0000000 
0.0000000 
0.0000000 
0.0000000 
0.0000000 
0.0000000 
0.0000000 
0.0000000 
0.0000000 
0.0000000 
0.0000000 
0.0000000 
0.0000000 
0.0000000 
0.0000000 
0.0000000 
0.0000000 
0.0000000 
0.0000000 
0.0000000 
0.0000000 
0.0000000 
0.0000000 
0.0000000 
0.0000000 
0.0000000 
0.0000000 
0.0000000 
0.0000000 
0.0000000 
0.0000689 
0.0000000 
0.0000196 
0.0000430 

0.0000000 
0.0000000 
0.0000000 
0.0000000 
0.0000000 
0.0000000 
0.0000000 
0.0000000 
0.0000000 
0.0000000 
0.0000000 
0.0000000 
0.0000000 
0.0000000 
0.0000000 
0.0000000 
0.0000000 
0.0000000 
0.0000000 
0.0000000 
0.0000000 
0.0000000 
0.0000000 
0.0000000 
0.0000000 
0.0000000 
0.0000000 
0.0000000 
0.0000000 
0.0000137 
0.0000000 
0.0000000 
0.0000000 
0.0000000 
0.0000000 
0.0003394 
0.0000000 
0.0000895 
0.0002075 

0.0000000 
0.0000000 
0.0000000 
0.0000000 
0.0000000 
0.0000000 
0.0000000 
0.0000000 
0.0000000 
0.0000000 
0.0000000 
0.0000000 
0.0000000 
0.0000000 
0.0000000 
0.0000000 
0.0000000 
0.0000000 
0.0000000 
0.0000000 
0.0000000 
0.0000000 
0.0000000 
0.0000000 
0.0000000 
0.0000000 
0.0000000 
0.0000000 
0.0000000 
0.0000000 
0.0000000 
0.0000000 
0.0000000 
0.0000000 
0.0000000 
0.0001080 
0.0000000 
0.0000312 
0.0000658 

0.0000000 
0.0000000 
0.0000000 
0.0000000 
0.0000000 
0.0000000 
0.0000000 
0.0000000 
0.0000000 
0.0000000 
0.0000000 
0.0000000 
0.0000000 
0.0000000 
0.0000000 
0.0000000 
0.0000000 
0.0000000 
0.0000000 
0.0000000 
0.0000000 
0.0000000 
0.0000000 
0.0000000 
0.0000000 
0.0000000 
0.0000000 
0.0000000 
0.0000000 
0.0000000 
0.0000000 
0.0000000 
0.0000000 
0.0000000 
0.0000000 
0.0001522 
0.0000000 
0.0000457 
0.0000943 

0.0000000 
0.0000000 
0.0000000 
0.0000000 
0.0000000 
0.0000000 
0.0000000 
0.0000000 
0.0000000 
0.0000000 
0.0000000 
0.0000000 
0.0000000 
0.0000000 
0.0000000 
0.0000000 
0.0000000 
0.0000000 
0.0000000 
0.0000000 
0.0000000 
0.0000000 
0.0000000 
0.0000000 
0.0000000 
0.0000000 
0.0000000 
0.0000000 
0.0000000 
0.0000000 
0.0000000 
0.0000000 
0.0000000 
0.0000000 
0.0000000 
0.0000109 
0.0000000 
0.0000038 
0.0000079 

0.0000000 
0.0000000 
0.0000000 
0.0000000 
0.0000000 
0.0000000 
0.0000000 
0.0000000 
0.0000000 
0.0000000 
0.0000000 
0.0000000 
0.0000000 
0.0000000 
0.0000000 
0.0000000 
0.0000000 
0.0000000 
0.0000000 
0.0000000 
0.0000000 
0.0000000 
0.0000000 
0.0000000 
0.0000000 
0.0000000 
0.0000000 
0.0000000 
0.0000000 
0.0000000 
0.0000000 
0.0000072 
0.0000000 
0.0000000 
0.0000000 
0.0000815 
0.0000000 
0.0000134 
0.0000506 

0.0000000 
0.0000000 
0.0000000 
0.0000000 
0.0000000 
0.0000000 
0.0000000 
0.0000000 
0.0000000 
0.0000000 
0.0000000 
0.0000000 
0.0000000 
0.0000000 
0.0000000 
0.0000000 
0.0000000 
0.0000000 
0.0000000 
0.0000000 
0.0000000 
0.0000000 
0.0000000 
0.0000000 
0.0000000 
0.0000000 
0.0000000 
0.0000000 
0.0000000 
0.0000000 
0.0000000 
0.0000000 
0.0000000 
0.0000000 
0.0000000 
0.0000219 
0.0000000 
0.0000068 
0.0000136 

0.0000000 
0.0000000 
0.0000000 
0.0000000 
0.0000000 
0.0000000 
0.0000000 
0.0000000 
0.0000000 
0.0000000 
0.0000000 
0.0000000 
0.0000000 
0.0000000 
0.0000000 
0.0000000 
0.0000000 
0.0000000 
0.0000000 
0.0000000 
0.0000000 
0.0000000 
0.0000000 
0.0000000 
0.0000000 
0.0000000 
0.0000000 
0.0000000 
0.0000000 
0.0000000 
0.0000000 
0.0000000 
0.0000000 
0.0000000 
0.0000000 
0.0000263 
0.0000000 
0.0000074 
0.0000163 

0.0000000 
0.0000000 
0.0000000 
0.0000000 
0.2918920 
0.0000000 
0.0000000 
0.0000000 
0.0000000 
0.0000000 
0.0000000 
0.0000000 
0.0000000 
0.0000000 
0.0000000 
0.0000000 
0.0000000 
0.0000000 
0.0000000 
0.0000000 
0.0000000 
0.0000000 
0.0000000 
0.0000000 
0.0000000 
0.0000000 
0.0000000 
0.0000000 
0.0000000 
0.0000000 
0.0000000 
0.0000000 
0.0000000 
0.0000000 
0.0000000 
0.0000000 
0.0000000 
0.0000000 
0.0000000 

0.0000000 
0.0522299 
0.0000000 
0.0000000 
0.0000000 
0.0000000 
0.0351673 
0.0707207 
0.0054608 
0.0000000 
0.0042735 
0.0023367 
0.0045834 
0.0000000 
0.0000000 
0.0000000 
0.0000000 
0.0000000 
0.0000000 
0.0000000 
0.0000000 
0.0005069 
0.0001745 
0.0000000 
0.0000000 
0.0000000 
0.0000000 
0.0000000 
0.0000000 
0.0000000 
0.0000000 
0.0000000 
0.0000000 
0.0000000 
0.0000000 
0.4628111 
0.0000000 
0.0000000 
0.0000000 

0.0000000 
0.0000000 
1.0000000 
0.0000000 
0.0000000 
0.0000000 
0.0000000 
0.0000000 
0.0000000 
0.0000000 
0.0000000 
0.0000000 
0.0000000 
0.0000000 
0.0000000 
0.0000000 
0.0000000 
0.0000000 
0.0022734 
0.0000000 
0.0000000 
0.0000000 
0.0000000 
0.0000000 
0.0000000 
0.0000000 
0.0000000 
0.0000000 
0.0000000 
0.0000000 
0.0000000 
0.0000000 
0.0000000 
0.0000000 
0.0000000 
0.0000000 
0.0000000 
0.0000000 
0.0000000 

0.8381249 
0.0000000 
0.0000000 
0.1247654 
0.0000000 
0.0000000 
0.0000000 
0.0000000 
0.0000000 
0.0000000 
0.0000000 
0.0000000 
0.0000000 
0.0000000 
0.0000000 
0.0000000 
0.0000000 
0.0000000 
0.0000000 
0.0000000 
0.0000000 
0.0000000 
0.0000000 
0.0000000 
0.0000000 
0.0000000 
0.0000000 
0.0000000 
0.0000000 
0.0000000 
0.0000000 
0.0000000 
0.0000000 
0.1654729 
0.2969084 
0.0000000 
0.0000000 
0.0000000 
0.0000000 

0.0000000 
0.0000000 
0.0000000 
0.0000000 
0.0000000 
0.0000000 
0.0000000 
0.0000000 
0.0000000 
0.0000000 
0.0000000 
0.0000000 
0.0000000 
0.0000000 
0.0000000 
0.0000000 
0.0000000 
0.0000000 
0.0000000 
0.0000000 
0.0000000 
0.0000000 
0.0000000 
0.0000000 
0.0000000 
0.0000000 
0.0000000 
0.0000000 
0.0000000 
0.0000000 
0.0000000 
0.0000000 
0.0000000 
0.0000000 
0.0000000 
0.0000000 
0.0000000 
0.0000000 
0.0000000 

0.0000000 
0.0000000 
0.0000000 
0.0000000 
0.0000000 
0.0000000 
0.0000000 
0.0000000 
0.0000000 
0.0000000 
0.0000000 
0.0000000 
0.0000000 
0.0000000 
0.0000000 
0.0000000 
0.0000000 
0.0000000 
0.0000000 
0.0000000 
0.0000000 
0.0000000 
0.0000000 
0.0000000 
0.0000000 
0.0000000 
0.0000000 
0.0000000 
0.0000000 
0.0000000 
0.0000000 
0.0000000 
0.0000000 
0.0000000 
0.0000000 
0.0000000 
0.0000000 
0.0000000 
0.0000000 

