12 5
14 13
14 7
8 4
9 1
5 3
10 14
5 9
1 7
11 9
13 10
11 6
14 8
4 15
14 5
7 8
15 14
1 14
14 3
11 15
6 4
10 9
5 10
11 1
10 12
12 8
13 3
2 11
10 2
15 1
1 6
10 15
12 9
5 8
2 4
6 5
10 7
12 7
2 3
5 7
6 15
3 15
4 9
13 8
7 11
2 8
13 1
8 6
11 13
15 13
4 1
13 2
12 4
3 11
6 9
3 6
3 4
9 7
2 12
*****
10 14
2 8
3 7
7 13
9 12
3 8
12 5
2 7
6 3
7 1
4 13
14 8
6 11
1 3
1 8
2 4
1 12
13 10
6 1
3 10
11 3
4 12
7 8
4 7
12 3
1 5
10 15
8 9
11 2
1 11
1 15
9 4
11 14
15 4
13 12
7 6
10 9
15 5
10 5
5 11
7 10
6 14
10 6
12 2
6 13
13 14
11 15
9 6
9 11
9 5
15 14
2 13
5 13
12 15
15 8
8 4
14 9
14 3
5 4
*****
5 9
6 2
7 6
10 8
15 6
13 3
3 1
3 11
4 6
2 5
13 12
6 10
15 14
1 8
1 7
14 4
6 8
6 9
2 10
9 8
8 11
15 8
8 13
10 5
12 6
11 7
4 9
12 5
9 2
12 14
5 7
14 11
1 14
4 7
7 2
11 5
13 7
11 13
12 4
4 13
1 4
2 12
14 3
14 8
5 4
12 3
13 9
1 11
15 2
2 13
10 7
12 15
15 1
1 5
10 14
10 9
10 3
3 15
9 3
*****
4 11
10 14
13 11
3 5
5 1
7 8
9 5
6 3
9 4
15 5
14 11
12 5
14 1
11 5
5 8
14 4
7 5
10 15
6 9
3 8
11 1
4 15
15 14
6 15
6 4
4 12
13 6
10 7
8 1
10 8
3 15
3 7
6 14
7 2
3 10
1 15
13 9
4 13
13 3
12 10
11 7
6 8
12 6
9 7
9 1
10 4
13 8
2 14
10 1
12 13
9 14
2 13
15 12
12 7
1 12
3 11
8 2
11 2
9 2
*****
9 15
6 4
3 11
7 11
12 13
10 4
9 10
14 4
15 14
13 2
12 8
8 4
4 5
2 9
12 4
13 4
10 6
3 12
15 5
3 7
15 11
8 11
13 14
10 11
3 4
13 6
8 14
2 6
14 5
10 12
13 11
7 14
12 14
13 15
8 15
11 1
11 5
10 1
14 2
15 7
15 2
13 10
2 7
5 10
9 1
6 8
1 12
2 12
8 1
8 2
7 9
9 6
7 1
3 9
5 7
6 1
1 5
9 5
6 3
*****
9 8
8 3
11 10
4 1
10 13
8 4
12 1
11 5
11 1
13 12
14 1
4 5
6 4
6 8
10 6
4 10
1 7
15 8
10 14
15 2
1 9
8 7
8 5
10 2
11 3
9 7
3 13
2 5
9 15
11 8
13 15
14 7
9 13
12 5
14 4
15 3
15 6
6 7
7 15
3 10
12 14
9 3
11 15
5 13
11 12
10 9
2 13
14 5
1 2
7 12
13 14
4 12
3 14
9 5
2 7
6 2
1 3
2 4
11 6
*****
15 13
14 10
10 5
8 2
14 6
5 15
5 7
14 4
6 13
9 1
1 10
5 1
5 13
6 9
5 8
9 4
12 15
4 7
7 11
9 12
5 14
1 14
10 7
2 3
12 6
11 9
14 3
10 2
12 7
5 11
15 7
2 11
8 14
13 12
1 15
12 3
4 10
8 15
6 3
7 1
6 8
4 13
10 13
12 11
10 6
11 6
9 15
3 4
11 4
13 3
11 14
13 9
4 8
2 1
1 3
8 3
12 2
2 7
8 9
*****
12 6
1 14
9 5
14 3
7 8
2 14
12 2
11 1
6 14
9 8
6 15
14 15
5 10
13 6
4 1
12 14
3 13
9 6
6 11
5 14
6 2
14 8
1 13
7 4
10 4
3 7
2 13
5 13
3 2
8 11
2 11
8 13
12 3
5 8
7 13
4 9
4 13
2 1
15 12
2 5
8 4
10 12
8 12
7 12
6 10
15 5
5 11
9 11
1 3
11 4
15 1
9 15
10 7
15 4
7 1
3 10
3 11
9 10
9 7
*****
13 3
10 6
4 5
14 9
3 14
1 12
2 6
13 5
13 10
1 3
6 12
1 4
13 9
3 4
15 3
1 15
1 14
4 12
8 9
7 13
13 15
11 10
8 5
14 13
11 13
9 5
7 8
15 7
2 14
8 10
2 12
9 6
8 15
7 14
6 5
3 10
10 14
8 12
5 1
14 4
1 2
3 5
5 11
2 8
6 8
3 6
2 11
6 4
11 1
11 4
7 9
12 15
2 7
11 12
9 15
4 7
9 12
15 11
10 2
*****
15 4
15 14
6 15
9 5
7 13
14 13
8 2
8 1
12 1
10 14
9 10
14 7
12 15
2 11
8 15
11 12
10 5
6 9
9 8
4 1
7 5
2 4
3 8
14 6
5 15
5 14
10 15
1 15
2 1
5 1
14 11
2 3
5 11
8 13
12 2
7 9
12 13
4 13
2 6
10 3
9 2
5 3
1 14
1 6
11 13
12 3
12 9
7 11
4 3
10 12
3 9
13 10
13 3
8 6
8 11
6 4
10 6
7 4
4 11
*****
11 5
12 9
13 8
5 13
9 11
9 5
5 7
13 2
4 14
1 11
10 8
9 2
10 7
9 1
3 14
14 5
12 5
15 11
15 3
15 4
4 3
3 10
5 4
12 13
7 13
8 15
6 13
11 3
5 6
2 7
11 12
2 14
13 15
1 6
11 7
6 4
11 10
4 13
2 6
8 3
8 12
10 1
15 1
6 12
14 10
14 9
6 14
7 3
2 10
10 4
1 4
1 8
3 1
8 9
15 12
8 6
12 2
7 9
2 15
*****
3 10
3 13
2 1
7 1
3 14
1 4
15 12
12 7
2 5
9 6
9 3
4 11
15 1
15 14
1 3
7 13
13 1
13 9
9 1
14 4
2 10
10 1
4 10
13 4
4 15
7 2
7 3
2 14
15 6
13 10
6 4
13 12
5 4
7 14
8 13
10 15
15 8
2 12
10 8
3 11
8 6
10 5
8 12
5 15
8 5
2 6
8 11
14 5
2 9
7 8
5 11
3 12
7 5
11 6
14 11
9 11
6 14
12 9
6 12
*****
14 7
11 6
6 8
7 12
8 12
1 14
5 13
11 12
1 8
11 3
10 8
15 5
6 14
15 7
3 10
8 9
10 4
15 11
9 4
15 8
8 4
13 14
11 9
5 14
14 4
2 8
13 4
9 3
9 2
15 6
4 15
1 11
1 3
6 9
9 10
5 7
7 13
1 4
14 15
3 15
1 12
5 2
7 2
1 7
4 7
11 14
1 9
12 10
6 12
2 10
11 2
10 5
5 3
5 12
2 6
6 13
12 3
13 3
2 13
*****
13 3
4 12
3 2
1 8
10 9
3 7
10 13
14 12
15 7
5 15
10 1
12 13
11 5
13 11
9 2
11 9
4 2
5 10
14 4
2 1
15 11
15 13
5 13
6 8
4 6
12 8
15 8
7 9
14 5
9 14
15 14
15 10
5 12
10 11
9 3
8 3
11 6
9 15
6 1
6 10
4 3
9 6
12 10
14 7
8 7
14 11
8 4
7 13
11 3
2 13
5 8
1 5
2 6
3 6
7 12
4 7
1 14
12 1
4 1
*****
