4 3
10 11
3 7
8 13
11 15
15 7
9 15
10 1
4 10
7 2
8 5
1 4
15 12
12 9
9 14
6 3
11 9
15 13
5 11
11 12
15 4
15 1
14 15
14 12
8 15
4 2
5 4
15 6
15 2
10 5
4 7
14 6
11 8
7 14
4 6
8 7
8 3
13 3
2 13
3 9
9 6
2 14
8 4
3 5
2 12
10 2
1 6
*****
10 13
13 7
13 15
4 13
2 13
14 15
11 7
1 13
5 14
13 12
5 3
1 6
15 12
10 9
13 5
8 2
2 15
2 1
11 13
4 14
1 3
11 2
13 9
13 14
2 7
5 1
9 8
9 3
15 6
1 11
8 7
12 1
12 3
12 14
14 2
10 14
10 8
8 5
8 15
6 7
11 4
11 12
10 3
1 7
6 4
9 12
7 9
*****
