8 9
2 13
3 7
10 15
7 1
11 14
8 7
3 9
12 4
7 12
6 5
7 14
9 4
10 7
6 14
10 5
3 5
9 10
10 14
8 4
12 2
7 15
7 9
4 5
7 13
4 14
4 7
12 15
15 2
11 8
15 4
6 1
5 15
5 13
9 14
11 7
15 1
1 8
10 4
8 5
3 8
6 11
13 11
15 6
6 9
15 8
2 14
12 1
4 13
8 14
*****
1 2
6 4
10 11
11 15
3 4
2 4
7 6
9 8
1 5
12 2
4 13
1 7
9 3
8 4
4 12
7 10
4 10
5 8
2 9
1 4
4 7
10 2
14 5
5 15
10 3
11 12
4 15
4 5
1 6
13 1
10 12
3 15
3 11
13 10
10 5
13 15
14 1
6 2
10 8
13 11
8 11
15 6
5 12
3 8
15 10
8 1
2 14
9 13
7 3
12 3
*****
12 7
12 15
15 6
5 9
15 7
11 5
1 3
14 7
7 8
7 5
4 15
11 1
9 13
2 14
2 4
7 9
5 15
10 6
8 13
15 3
12 5
1 5
5 4
4 9
13 1
13 3
6 14
12 13
14 5
13 5
7 1
5 3
15 8
1 10
5 2
1 12
3 2
13 10
4 7
10 2
11 9
2 15
9 1
9 14
1 4
14 8
4 14
2 12
6 8
10 15
*****
7 6
14 8
10 1
1 9
7 10
7 4
2 7
11 12
3 15
8 3
12 8
7 9
7 15
6 12
7 13
4 12
5 15
11 1
3 7
3 10
14 3
7 14
12 5
14 6
2 14
11 9
14 9
5 7
2 12
8 5
1 7
3 12
12 13
11 2
15 14
1 2
10 2
10 11
11 5
4 10
6 2
11 8
1 13
3 5
4 2
10 13
1 4
5 2
8 15
13 4
*****
9 5
3 7
9 10
7 12
12 10
5 14
1 5
3 2
9 6
1 15
3 12
3 4
8 4
12 9
6 1
13 8
8 7
1 7
12 5
10 5
15 2
5 11
14 9
6 7
14 3
5 3
2 1
13 10
14 10
9 2
12 13
6 5
5 15
14 13
13 5
11 3
4 5
12 1
15 12
6 3
1 14
8 11
8 12
3 1
2 10
2 14
3 8
14 11
1 9
3 9
*****
