11 2
15 4
14 1
12 11
13 14
13 6
14 3
12 4
1 6
15 14
1 2
6 11
13 9
5 6
9 4
11 10
8 1
1 9
7 2
10 6
13 12
11 9
6 7
1 15
4 8
7 12
14 4
15 12
10 13
14 11
6 8
14 2
8 15
6 4
8 12
14 10
5 4
10 7
10 1
6 9
11 5
14 8
13 15
7 15
*****
13 1
5 12
14 7
12 8
11 12
2 6
10 1
11 7
12 10
12 3
10 4
4 5
3 14
6 13
2 15
9 2
6 3
4 3
15 14
4 9
5 9
13 2
5 2
15 4
11 4
6 7
8 11
11 15
13 7
12 9
1 7
5 1
12 1
1 6
3 1
8 1
4 8
14 11
12 6
14 9
8 10
3 15
2 7
1 2
*****
3 2
3 11
3 14
11 12
10 15
14 15
1 15
13 5
8 1
3 12
9 1
4 13
7 13
3 15
6 5
6 11
8 10
5 9
7 10
4 11
9 12
13 10
1 14
5 3
15 9
2 8
4 3
1 4
5 11
12 13
5 14
7 8
2 10
13 6
6 2
10 14
14 13
12 2
9 6
14 6
6 8
7 2
10 1
3 1
*****
2 6
9 13
2 14
14 11
8 3
6 14
4 1
13 2
15 14
9 11
15 1
5 7
9 2
15 7
8 4
13 14
5 9
4 13
8 11
8 13
10 7
1 11
7 4
10 12
8 5
5 3
14 5
15 9
5 6
10 13
4 15
10 2
15 3
13 12
11 10
1 13
15 6
14 8
5 10
3 2
7 14
14 4
12 3
12 8
*****
5 14
5 15
5 4
5 6
10 5
5 12
14 12
7 12
8 13
13 2
6 12
5 11
7 5
2 12
2 5
3 10
11 6
2 3
1 5
3 5
7 3
4 6
8 2
13 6
9 1
1 12
11 4
14 6
10 11
8 4
1 14
14 2
7 15
10 14
9 15
4 7
14 3
4 14
3 6
2 4
13 11
15 2
1 2
13 3
*****
15 6
5 3
14 7
13 9
10 3
15 9
6 11
8 6
12 6
3 4
14 10
15 5
1 4
6 1
10 6
15 11
11 5
5 8
6 3
10 9
3 11
2 4
4 13
6 7
14 5
6 14
9 12
12 4
6 2
6 13
3 15
12 15
7 1
8 11
15 8
2 9
7 13
7 5
15 13
1 11
8 12
7 2
5 2
7 15
*****
11 2
7 11
15 7
6 13
13 8
4 11
8 14
14 6
8 15
8 7
7 4
12 14
9 13
1 12
1 8
11 5
3 11
2 1
11 10
14 15
8 11
8 6
12 10
12 11
1 7
4 15
10 13
15 6
4 1
13 1
3 5
3 2
10 7
7 5
8 2
1 10
5 10
13 11
9 2
5 8
3 4
9 10
12 3
12 6
*****
12 5
14 13
14 11
1 12
4 11
11 13
1 2
12 4
15 14
1 13
12 11
7 12
2 6
8 4
1 7
5 9
5 13
13 6
13 9
13 7
13 12
2 12
3 13
14 10
3 15
13 2
11 2
13 4
4 6
10 6
15 11
8 6
5 10
6 14
12 6
2 5
14 7
6 1
15 5
11 5
11 3
4 14
11 8
14 5
*****
