13 4
11 9
7 4
11 1
4 10
4 6
7 11
7 12
10 13
8 4
4 14
11 10
12 10
7 3
3 5
2 4
11 2
6 14
9 15
3 4
3 12
10 2
4 12
9 8
14 8
8 11
2 12
6 8
15 4
6 15
6 10
3 1
6 7
5 4
8 7
9 7
12 6
9 5
7 13
13 1
9 10
2 7
3 13
5 12
13 12
10 15
3 15
9 13
13 8
13 11
12 11
7 5
2 1
robustness=0.914368650218
*****
8 13
9 14
9 2
15 7
12 14
6 9
10 14
4 9
3 2
1 14
15 14
15 1
4 10
1 3
11 6
9 5
5 14
5 15
15 12
8 9
4 1
5 12
13 14
11 1
14 2
14 7
10 9
6 5
11 8
14 4
8 14
1 13
3 5
11 13
11 12
9 12
7 12
3 13
15 11
11 10
2 6
7 10
7 4
5 4
4 11
3 4
2 8
12 1
2 10
9 1
3 6
15 2
5 11
robustness=0.914368650218
*****
15 4
9 6
2 1
9 3
15 13
2 9
12 4
11 6
3 13
5 6
6 10
9 13
6 2
3 6
8 5
10 3
2 10
4 2
8 3
13 7
14 5
9 14
6 8
12 11
15 3
1 14
1 7
1 9
7 6
7 5
3 12
13 5
6 4
1 6
13 1
6 15
11 2
14 3
5 12
8 11
2 14
11 15
10 13
12 10
8 12
15 7
15 5
1 3
2 12
7 12
10 5
14 13
11 7
robustness=0.914368650218
*****
14 4
3 15
1 12
9 2
10 9
4 9
11 1
3 10
1 15
8 7
6 11
13 7
12 10
9 13
14 5
10 2
11 3
10 4
15 13
3 2
5 8
11 10
8 15
4 7
3 7
15 10
13 10
8 4
7 10
2 5
3 12
10 1
5 10
5 6
3 9
7 9
12 14
8 12
7 2
3 4
2 1
5 13
13 12
3 5
8 9
5 11
3 6
4 6
11 13
15 11
6 2
2 4
9 1
robustness=0.914368650218
*****
13 9
4 6
8 1
13 4
15 5
11 5
10 13
7 5
9 4
9 2
15 1
5 13
1 3
2 15
12 5
2 6
9 5
5 14
4 11
8 5
12 8
5 4
12 9
6 3
5 3
12 15
7 14
8 11
3 9
2 5
14 4
1 6
11 15
8 10
12 13
2 3
13 14
15 8
10 7
4 3
7 11
15 4
13 3
12 1
3 12
6 12
13 15
8 13
6 9
12 2
9 14
6 14
6 8
robustness=0.914368650218
*****
