5000 0 50 2 49
5000 0 50 5 49
5000 0 50 5 54
5000 0 50 5 59
5000 0 50 5 64
5000 0 50 5 69
5000 0 50 5 74
5000 0 50 5 79
5000 0 50 5 84
5000 0 50 5 89
5000 0 50 5 94
5000 0 50 5 99
5000 0 50 5 104
5000 0 50 5 109
5000 0 50 5 114
5000 0 50 5 119
5000 0 50 5 124
5000 0 50 8 49
5000 0 50 8 54
5000 0 50 8 59
5000 0 50 8 64
5000 0 50 8 69
5000 0 50 8 74
5000 0 50 8 79
5000 0 50 8 84
5000 0 50 8 89
5000 0 50 8 94
5000 0 50 8 99
5000 0 50 8 104
5000 0 50 8 109
5000 0 50 8 114
5000 0 50 8 119
5000 0 50 8 124
5000 0 50 8 129
5000 0 50 8 134
5000 0 50 8 139
5000 0 50 8 144
5000 0 50 8 149
5000 0 50 8 154
5000 0 50 8 159
5000 0 50 8 164
5000 0 50 8 169
5000 0 50 8 174
5000 0 50 8 179
5000 0 50 8 184
5000 0 50 8 189
5000 0 50 8 194
5000 0 50 8 199
5000 0 50 11 49
5000 0 50 11 54
5000 0 50 11 59
5000 0 50 11 64
5000 0 50 11 69
5000 0 50 11 74
5000 0 50 11 79
5000 0 50 11 84
5000 0 50 11 89
5000 0 50 11 94
5000 0 50 11 99
5000 0 50 11 104
5000 0 50 11 109
5000 0 50 11 114
5000 0 50 11 119
5000 0 50 11 124
5000 0 50 11 129
5000 0 50 11 134
5000 0 50 11 139
5000 0 50 11 144
5000 0 50 11 149
5000 0 50 11 154
5000 0 50 11 159
5000 0 50 11 164
5000 0 50 11 169
5000 0 50 11 174
5000 0 50 11 179
5000 0 50 11 184
5000 0 50 11 189
5000 0 50 11 194
5000 0 50 11 199
5000 0 50 11 204
5000 0 50 11 209
5000 0 50 11 214
5000 0 50 11 219
5000 0 50 11 224
5000 0 50 11 229
5000 0 50 11 234
5000 0 50 11 239
5000 0 50 11 244
5000 0 50 11 249
5000 0 50 11 254
5000 0 50 11 259
5000 0 50 11 264
5000 0 50 11 269
5000 0 50 11 274
5000 0 50 14 49
5000 0 50 14 54
5000 0 50 14 59
5000 0 50 14 64
5000 0 50 14 69
5000 0 50 14 74
5000 0 50 14 79
5000 0 50 14 84
5000 0 50 14 89
5000 0 50 14 94
5000 0 50 14 99
5000 0 50 14 104
5000 0 50 14 109
5000 0 50 14 114
5000 0 50 14 119
5000 0 50 14 124
5000 0 50 14 129
5000 0 50 14 134
5000 0 50 14 139
5000 0 50 14 144
5000 0 50 14 149
5000 0 50 14 154
5000 0 50 14 159
5000 0 50 14 164
5000 0 50 14 169
5000 0 50 14 174
5000 0 50 14 179
5000 0 50 14 184
5000 0 50 14 189
5000 0 50 14 194
5000 0 50 14 199
5000 0 50 14 204
5000 0 50 14 209
5000 0 50 14 214
5000 0 50 14 219
5000 0 50 14 224
5000 0 50 14 229
5000 0 50 14 234
5000 0 50 14 239
5000 0 50 14 244
5000 0 50 14 249
5000 0 50 14 254
5000 0 50 14 259
5000 0 50 14 264
5000 0 50 14 269
5000 0 50 14 274
5000 0 50 14 279
5000 0 50 14 284
5000 0 50 14 289
5000 0 50 14 294
5000 0 50 14 299
5000 0 50 14 304
5000 0 50 14 309
5000 0 50 14 314
5000 0 50 14 319
5000 0 50 14 324
5000 0 50 14 329
5000 0 50 14 334
5000 0 50 14 339
5000 0 50 14 344
5000 0 50 14 349
5000 0 50 17 49
5000 0 50 17 54
5000 0 50 17 59
5000 0 50 17 64
5000 0 50 17 69
5000 0 50 17 74
5000 0 50 17 79
5000 0 50 17 84
5000 0 50 17 89
5000 0 50 17 94
5000 0 50 17 99
5000 0 50 17 104
5000 0 50 17 109
5000 0 50 17 114
5000 0 50 17 119
5000 0 50 17 124
5000 0 50 17 129
5000 0 50 17 134
5000 0 50 17 139
5000 0 50 17 144
5000 0 50 17 149
5000 0 50 17 154
5000 0 50 17 159
5000 0 50 17 164
5000 0 50 17 169
5000 0 50 17 174
5000 0 50 17 179
5000 0 50 17 184
5000 0 50 17 189
5000 0 50 17 194
5000 0 50 17 199
5000 0 50 17 204
5000 0 50 17 209
5000 0 50 17 214
5000 0 50 17 219
5000 0 50 17 224
5000 0 50 17 229
5000 0 50 17 234
5000 0 50 17 239
5000 0 50 17 244
5000 0 50 17 249
5000 0 50 17 254
5000 0 50 17 259
5000 0 50 17 264
5000 0 50 17 269
5000 0 50 17 274
5000 0 50 17 279
5000 0 50 17 284
5000 0 50 17 289
5000 0 50 17 294
5000 0 50 17 299
5000 0 50 17 304
5000 0 50 17 309
5000 0 50 17 314
5000 0 50 17 319
5000 0 50 17 324
5000 0 50 17 329
5000 0 50 17 334
5000 0 50 17 339
5000 0 50 17 344
5000 0 50 17 349
5000 0 50 17 354
5000 0 50 17 359
5000 0 50 17 364
5000 0 50 17 369
5000 0 50 17 374
5000 0 50 17 379
5000 0 50 17 384
5000 0 50 17 389
5000 0 50 17 394
5000 0 50 17 399
5000 0 50 17 404
5000 0 50 17 409
5000 0 50 17 414
5000 0 50 17 419
5000 0 50 17 424
5000 0 50 20 49
5000 0 50 20 54
5000 0 50 20 59
5000 0 50 20 64
5000 0 50 20 69
5000 0 50 20 74
5000 0 50 20 79
5000 0 50 20 84
5000 0 50 20 89
5000 0 50 20 94
5000 0 50 20 99
5000 0 50 20 104
5000 0 50 20 109
5000 0 50 20 114
5000 0 50 20 119
5000 0 50 20 124
5000 0 50 20 129
5000 0 50 20 134
5000 0 50 20 139
5000 0 50 20 144
5000 0 50 20 149
5000 0 50 20 154
5000 0 50 20 159
5000 0 50 20 164
5000 0 50 20 169
5000 0 50 20 174
5000 0 50 20 179
5000 0 50 20 184
5000 0 50 20 189
5000 0 50 20 194
5000 0 50 20 199
5000 0 50 20 204
5000 0 50 20 209
5000 0 50 20 214
5000 0 50 20 219
5000 0 50 20 224
5000 0 50 20 229
5000 0 50 20 234
5000 0 50 20 239
5000 0 50 20 244
5000 0 50 20 249
5000 0 50 20 254
5000 0 50 20 259
5000 0 50 20 264
5000 0 50 20 269
5000 0 50 20 274
5000 0 50 20 279
5000 0 50 20 284
5000 0 50 20 289
5000 0 50 20 294
5000 0 50 20 299
5000 0 50 20 304
5000 0 50 20 309
5000 0 50 20 314
5000 0 50 20 319
5000 0 50 20 324
5000 0 50 20 329
5000 0 50 20 334
5000 0 50 20 339
5000 0 50 20 344
5000 0 50 20 349
5000 0 50 20 354
5000 0 50 20 359
5000 0 50 20 364
5000 0 50 20 369
5000 0 50 20 374
5000 0 50 20 379
5000 0 50 20 384
5000 0 50 20 389
5000 0 50 20 394
5000 0 50 20 399
5000 0 50 20 404
5000 0 50 20 409
5000 0 50 20 414
5000 0 50 20 419
5000 0 50 20 424
5000 0 50 20 429
5000 0 50 20 434
5000 0 50 20 439
5000 0 50 20 444
5000 0 50 20 449
5000 0 50 20 454
5000 0 50 20 459
5000 0 50 20 464
5000 0 50 20 469
5000 0 50 20 474
5000 0 50 20 479
5000 0 50 20 484
5000 0 50 20 489
5000 0 50 20 494
5000 0 50 20 499
5000 0 50 23 49
5000 0 50 23 54
5000 0 50 23 59
5000 0 50 23 64
5000 0 50 23 69
5000 0 50 23 74
5000 0 50 23 79
5000 0 50 23 84
5000 0 50 23 89
5000 0 50 23 94
5000 0 50 23 99
5000 0 50 23 104
5000 0 50 23 109
5000 0 50 23 114
5000 0 50 23 119
5000 0 50 23 124
5000 0 50 23 129
5000 0 50 23 134
5000 0 50 23 139
5000 0 50 23 144
5000 0 50 23 149
5000 0 50 23 154
5000 0 50 23 159
5000 0 50 23 164
5000 0 50 23 169
5000 0 50 23 174
5000 0 50 23 179
5000 0 50 23 184
5000 0 50 23 189
5000 0 50 23 194
5000 0 50 23 199
5000 0 50 23 204
5000 0 50 23 209
5000 0 50 23 214
5000 0 50 23 219
5000 0 50 23 224
5000 0 50 23 229
5000 0 50 23 234
5000 0 50 23 239
5000 0 50 23 244
5000 0 50 23 249
5000 0 50 23 254
5000 0 50 23 259
5000 0 50 23 264
5000 0 50 23 269
5000 0 50 23 274
5000 0 50 23 279
5000 0 50 23 284
5000 0 50 23 289
5000 0 50 23 294
5000 0 50 23 299
5000 0 50 23 304
5000 0 50 23 309
5000 0 50 23 314
5000 0 50 23 319
5000 0 50 23 324
5000 0 50 23 329
5000 0 50 23 334
5000 0 50 23 339
5000 0 50 23 344
5000 0 50 23 349
5000 0 50 23 354
5000 0 50 23 359
5000 0 50 23 364
5000 0 50 23 369
5000 0 50 23 374
5000 0 50 23 379
5000 0 50 23 384
5000 0 50 23 389
5000 0 50 23 394
5000 0 50 23 399
5000 0 50 23 404
5000 0 50 23 409
5000 0 50 23 414
5000 0 50 23 419
5000 0 50 23 424
5000 0 50 23 429
5000 0 50 23 434
5000 0 50 23 439
5000 0 50 23 444
5000 0 50 23 449
5000 0 50 23 454
5000 0 50 23 459
5000 0 50 23 464
5000 0 50 23 469
5000 0 50 23 474
5000 0 50 23 479
5000 0 50 23 484
5000 0 50 23 489
5000 0 50 23 494
5000 0 50 23 499
5000 0 50 23 504
5000 0 50 23 509
5000 0 50 23 514
5000 0 50 23 519
5000 0 50 23 524
5000 0 50 23 529
5000 0 50 23 534
5000 0 50 23 539
5000 0 50 23 544
5000 0 50 23 549
5000 0 50 23 554
5000 0 50 23 559
5000 0 50 23 564
5000 0 50 23 569
5000 0 50 23 574
5000 0 50 26 49
5000 0 50 26 54
5000 0 50 26 59
5000 0 50 26 64
5000 0 50 26 69
5000 0 50 26 74
5000 0 50 26 79
5000 0 50 26 84
5000 0 50 26 89
5000 0 50 26 94
5000 0 50 26 99
5000 0 50 26 104
5000 0 50 26 109
5000 0 50 26 114
5000 0 50 26 119
5000 0 50 26 124
5000 0 50 26 129
5000 0 50 26 134
5000 0 50 26 139
5000 0 50 26 144
5000 0 50 26 149
5000 0 50 26 154
5000 0 50 26 159
5000 0 50 26 164
5000 0 50 26 169
5000 0 50 26 174
5000 0 50 26 179
5000 0 50 26 184
5000 0 50 26 189
5000 0 50 26 194
5000 0 50 26 199
5000 0 50 26 204
5000 0 50 26 209
5000 0 50 26 214
5000 0 50 26 219
5000 0 50 26 224
5000 0 50 26 229
5000 0 50 26 234
5000 0 50 26 239
5000 0 50 26 244
5000 0 50 26 249
5000 0 50 26 254
5000 0 50 26 259
5000 0 50 26 264
5000 0 50 26 269
5000 0 50 26 274
5000 0 50 26 279
5000 0 50 26 284
5000 0 50 26 289
5000 0 50 26 294
5000 0 50 26 299
5000 0 50 26 304
5000 0 50 26 309
5000 0 50 26 314
5000 0 50 26 319
5000 0 50 26 324
5000 0 50 26 329
5000 0 50 26 334
5000 0 50 26 339
5000 0 50 26 344
5000 0 50 26 349
5000 0 50 26 354
5000 0 50 26 359
5000 0 50 26 364
5000 0 50 26 369
5000 0 50 26 374
5000 0 50 26 379
5000 0 50 26 384
5000 0 50 26 389
5000 0 50 26 394
5000 0 50 26 399
5000 0 50 26 404
5000 0 50 26 409
5000 0 50 26 414
5000 0 50 26 419
5000 0 50 26 424
5000 0 50 26 429
5000 0 50 26 434
5000 0 50 26 439
5000 0 50 26 444
5000 0 50 26 449
5000 0 50 26 454
5000 0 50 26 459
5000 0 50 26 464
5000 0 50 26 469
5000 0 50 26 474
5000 0 50 26 479
5000 0 50 26 484
5000 0 50 26 489
5000 0 50 26 494
5000 0 50 26 499
5000 0 50 26 504
5000 0 50 26 509
5000 0 50 26 514
5000 0 50 26 519
5000 0 50 26 524
5000 0 50 26 529
5000 0 50 26 534
5000 0 50 26 539
5000 0 50 26 544
5000 0 50 26 549
5000 0 50 26 554
5000 0 50 26 559
5000 0 50 26 564
5000 0 50 26 569
5000 0 50 26 574
5000 0 50 26 579
5000 0 50 26 584
5000 0 50 26 589
5000 0 50 26 594
5000 0 50 26 599
5000 0 50 26 604
5000 0 50 26 609
5000 0 50 26 614
5000 0 50 26 619
5000 0 50 26 624
5000 0 50 26 629
5000 0 50 26 634
5000 0 50 26 639
5000 0 50 26 644
5000 0 50 26 649
5000 0 50 29 49
5000 0 50 29 54
5000 0 50 29 59
5000 0 50 29 64
5000 0 50 29 69
5000 0 50 29 74
5000 0 50 29 79
5000 0 50 29 84
5000 0 50 29 89
5000 0 50 29 94
5000 0 50 29 99
5000 0 50 29 104
5000 0 50 29 109
5000 0 50 29 114
5000 0 50 29 119
5000 0 50 29 124
5000 0 50 29 129
5000 0 50 29 134
5000 0 50 29 139
5000 0 50 29 144
5000 0 50 29 149
5000 0 50 29 154
5000 0 50 29 159
5000 0 50 29 164
5000 0 50 29 169
5000 0 50 29 174
5000 0 50 29 179
5000 0 50 29 184
5000 0 50 29 189
5000 0 50 29 194
5000 0 50 29 199
5000 0 50 29 204
5000 0 50 29 209
5000 0 50 29 214
5000 0 50 29 219
5000 0 50 29 224
5000 0 50 29 229
5000 0 50 29 234
5000 0 50 29 239
5000 0 50 29 244
5000 0 50 29 249
5000 0 50 29 254
5000 0 50 29 259
5000 0 50 29 264
5000 0 50 29 269
5000 0 50 29 274
5000 0 50 29 279
5000 0 50 29 284
5000 0 50 29 289
5000 0 50 29 294
5000 0 50 29 299
5000 0 50 29 304
5000 0 50 29 309
5000 0 50 29 314
5000 0 50 29 319
5000 0 50 29 324
5000 0 50 29 329
5000 0 50 29 334
5000 0 50 29 339
5000 0 50 29 344
5000 0 50 29 349
5000 0 50 29 354
5000 0 50 29 359
5000 0 50 29 364
5000 0 50 29 369
5000 0 50 29 374
5000 0 50 29 379
5000 0 50 29 384
5000 0 50 29 389
5000 0 50 29 394
5000 0 50 29 399
5000 0 50 29 404
5000 0 50 29 409
5000 0 50 29 414
5000 0 50 29 419
5000 0 50 29 424
5000 0 50 29 429
5000 0 50 29 434
5000 0 50 29 439
5000 0 50 29 444
5000 0 50 29 449
5000 0 50 29 454
5000 0 50 29 459
5000 0 50 29 464
5000 0 50 29 469
5000 0 50 29 474
5000 0 50 29 479
5000 0 50 29 484
5000 0 50 29 489
5000 0 50 29 494
5000 0 50 29 499
5000 0 50 29 504
5000 0 50 29 509
5000 0 50 29 514
5000 0 50 29 519
5000 0 50 29 524
5000 0 50 29 529
5000 0 50 29 534
5000 0 50 29 539
5000 0 50 29 544
5000 0 50 29 549
5000 0 50 29 554
5000 0 50 29 559
5000 0 50 29 564
5000 0 50 29 569
5000 0 50 29 574
5000 0 50 29 579
5000 0 50 29 584
5000 0 50 29 589
5000 0 50 29 594
5000 0 50 29 599
5000 0 50 29 604
5000 0 50 29 609
5000 0 50 29 614
5000 0 50 29 619
5000 0 50 29 624
5000 0 50 29 629
5000 0 50 29 634
5000 0 50 29 639
5000 0 50 29 644
5000 0 50 29 649
5000 0 50 29 654
5000 0 50 29 659
5000 0 50 29 664
5000 0 50 29 669
5000 0 50 29 674
5000 0 50 29 679
5000 0 50 29 684
5000 0 50 29 689
5000 0 50 29 694
5000 0 50 29 699
5000 0 50 29 704
5000 0 50 29 709
5000 0 50 29 714
5000 0 50 29 719
5000 0 50 29 724
5000 0 50 32 49
5000 0 50 32 54
5000 0 50 32 59
5000 0 50 32 64
5000 0 50 32 69
5000 0 50 32 74
5000 0 50 32 79
5000 0 50 32 84
5000 0 50 32 89
5000 0 50 32 94
5000 0 50 32 99
5000 0 50 32 104
5000 0 50 32 109
5000 0 50 32 114
5000 0 50 32 119
5000 0 50 32 124
5000 0 50 32 129
5000 0 50 32 134
5000 0 50 32 139
5000 0 50 32 144
5000 0 50 32 149
5000 0 50 32 154
5000 0 50 32 159
5000 0 50 32 164
5000 0 50 32 169
5000 0 50 32 174
5000 0 50 32 179
5000 0 50 32 184
5000 0 50 32 189
5000 0 50 32 194
5000 0 50 32 199
5000 0 50 32 204
5000 0 50 32 209
5000 0 50 32 214
5000 0 50 32 219
5000 0 50 32 224
5000 0 50 32 229
5000 0 50 32 234
5000 0 50 32 239
5000 0 50 32 244
5000 0 50 32 249
5000 0 50 32 254
5000 0 50 32 259
5000 0 50 32 264
5000 0 50 32 269
5000 0 50 32 274
5000 0 50 32 279
5000 0 50 32 284
5000 0 50 32 289
5000 0 50 32 294
5000 0 50 32 299
5000 0 50 32 304
5000 0 50 32 309
5000 0 50 32 314
5000 0 50 32 319
5000 0 50 32 324
5000 0 50 32 329
5000 0 50 32 334
5000 0 50 32 339
5000 0 50 32 344
5000 0 50 32 349
5000 0 50 32 354
5000 0 50 32 359
5000 0 50 32 364
5000 0 50 32 369
5000 0 50 32 374
5000 0 50 32 379
5000 0 50 32 384
5000 0 50 32 389
5000 0 50 32 394
5000 0 50 32 399
5000 0 50 32 404
5000 0 50 32 409
5000 0 50 32 414
5000 0 50 32 419
5000 0 50 32 424
5000 0 50 32 429
5000 0 50 32 434
5000 0 50 32 439
5000 0 50 32 444
5000 0 50 32 449
5000 0 50 32 454
5000 0 50 32 459
5000 0 50 32 464
5000 0 50 32 469
5000 0 50 32 474
5000 0 50 32 479
5000 0 50 32 484
5000 0 50 32 489
5000 0 50 32 494
5000 0 50 32 499
5000 0 50 32 504
5000 0 50 32 509
5000 0 50 32 514
5000 0 50 32 519
5000 0 50 32 524
5000 0 50 32 529
5000 0 50 32 534
5000 0 50 32 539
5000 0 50 32 544
5000 0 50 32 549
5000 0 50 32 554
5000 0 50 32 559
5000 0 50 32 564
5000 0 50 32 569
5000 0 50 32 574
5000 0 50 32 579
5000 0 50 32 584
5000 0 50 32 589
5000 0 50 32 594
5000 0 50 32 599
5000 0 50 32 604
5000 0 50 32 609
5000 0 50 32 614
5000 0 50 32 619
5000 0 50 32 624
5000 0 50 32 629
5000 0 50 32 634
5000 0 50 32 639
5000 0 50 32 644
5000 0 50 32 649
5000 0 50 32 654
5000 0 50 32 659
5000 0 50 32 664
5000 0 50 32 669
5000 0 50 32 674
5000 0 50 32 679
5000 0 50 32 684
5000 0 50 32 689
5000 0 50 32 694
5000 0 50 32 699
5000 0 50 32 704
5000 0 50 32 709
5000 0 50 32 714
5000 0 50 32 719
5000 0 50 32 724
5000 0 50 32 729
5000 0 50 32 734
5000 0 50 32 739
5000 0 50 32 744
5000 0 50 32 749
5000 0 50 32 754
5000 0 50 32 759
5000 0 50 32 764
5000 0 50 32 769
5000 0 50 32 774
5000 0 50 32 779
5000 0 50 32 784
5000 0 50 32 789
5000 0 50 32 794
5000 0 50 32 799
5000 0 50 35 49
5000 0 50 35 54
5000 0 50 35 59
5000 0 50 35 64
5000 0 50 35 69
5000 0 50 35 74
5000 0 50 35 79
5000 0 50 35 84
5000 0 50 35 89
5000 0 50 35 94
5000 0 50 35 99
5000 0 50 35 104
5000 0 50 35 109
5000 0 50 35 114
5000 0 50 35 119
5000 0 50 35 124
5000 0 50 35 129
5000 0 50 35 134
5000 0 50 35 139
5000 0 50 35 144
5000 0 50 35 149
5000 0 50 35 154
5000 0 50 35 159
5000 0 50 35 164
5000 0 50 35 169
5000 0 50 35 174
5000 0 50 35 179
5000 0 50 35 184
5000 0 50 35 189
5000 0 50 35 194
5000 0 50 35 199
5000 0 50 35 204
5000 0 50 35 209
5000 0 50 35 214
5000 0 50 35 219
5000 0 50 35 224
5000 0 50 35 229
5000 0 50 35 234
5000 0 50 35 239
5000 0 50 35 244
5000 0 50 35 249
5000 0 50 35 254
5000 0 50 35 259
5000 0 50 35 264
5000 0 50 35 269
5000 0 50 35 274
5000 0 50 35 279
5000 0 50 35 284
5000 0 50 35 289
5000 0 50 35 294
5000 0 50 35 299
5000 0 50 35 304
5000 0 50 35 309
5000 0 50 35 314
5000 0 50 35 319
5000 0 50 35 324
5000 0 50 35 329
5000 0 50 35 334
5000 0 50 35 339
5000 0 50 35 344
5000 0 50 35 349
5000 0 50 35 354
5000 0 50 35 359
5000 0 50 35 364
5000 0 50 35 369
5000 0 50 35 374
5000 0 50 35 379
5000 0 50 35 384
5000 0 50 35 389
5000 0 50 35 394
5000 0 50 35 399
5000 0 50 35 404
5000 0 50 35 409
5000 0 50 35 414
5000 0 50 35 419
5000 0 50 35 424
5000 0 50 35 429
5000 0 50 35 434
5000 0 50 35 439
5000 0 50 35 444
5000 0 50 35 449
5000 0 50 35 454
5000 0 50 35 459
5000 0 50 35 464
5000 0 50 35 469
5000 0 50 35 474
5000 0 50 35 479
5000 0 50 35 484
5000 0 50 35 489
5000 0 50 35 494
5000 0 50 35 499
5000 0 50 35 504
5000 0 50 35 509
5000 0 50 35 514
5000 0 50 35 519
5000 0 50 35 524
5000 0 50 35 529
5000 0 50 35 534
5000 0 50 35 539
5000 0 50 35 544
5000 0 50 35 549
5000 0 50 35 554
5000 0 50 35 559
5000 0 50 35 564
5000 0 50 35 569
5000 0 50 35 574
5000 0 50 35 579
5000 0 50 35 584
5000 0 50 35 589
5000 0 50 35 594
5000 0 50 35 599
5000 0 50 35 604
5000 0 50 35 609
5000 0 50 35 614
5000 0 50 35 619
5000 0 50 35 624
5000 0 50 35 629
5000 0 50 35 634
5000 0 50 35 639
5000 0 50 35 644
5000 0 50 35 649
5000 0 50 35 654
5000 0 50 35 659
5000 0 50 35 664
5000 0 50 35 669
5000 0 50 35 674
5000 0 50 35 679
5000 0 50 35 684
5000 0 50 35 689
5000 0 50 35 694
5000 0 50 35 699
5000 0 50 35 704
5000 0 50 35 709
5000 0 50 35 714
5000 0 50 35 719
5000 0 50 35 724
5000 0 50 35 729
5000 0 50 35 734
5000 0 50 35 739
5000 0 50 35 744
5000 0 50 35 749
5000 0 50 35 754
5000 0 50 35 759
5000 0 50 35 764
5000 0 50 35 769
5000 0 50 35 774
5000 0 50 35 779
5000 0 50 35 784
5000 0 50 35 789
5000 0 50 35 794
5000 0 50 35 799
5000 0 50 35 804
5000 0 50 35 809
5000 0 50 35 814
5000 0 50 35 819
5000 0 50 35 824
5000 0 50 35 829
5000 0 50 35 834
5000 0 50 35 839
5000 0 50 35 844
5000 0 50 35 849
5000 0 50 35 854
5000 0 50 35 859
5000 0 50 35 864
5000 0 50 35 869
5000 0 50 35 874
5000 0 50 38 49
5000 0 50 38 54
5000 0 50 38 59
5000 0 50 38 64
5000 0 50 38 69
5000 0 50 38 74
5000 0 50 38 79
5000 0 50 38 84
5000 0 50 38 89
5000 0 50 38 94
5000 0 50 38 99
5000 0 50 38 104
5000 0 50 38 109
5000 0 50 38 114
5000 0 50 38 119
5000 0 50 38 124
5000 0 50 38 129
5000 0 50 38 134
5000 0 50 38 139
5000 0 50 38 144
5000 0 50 38 149
5000 0 50 38 154
5000 0 50 38 159
5000 0 50 38 164
5000 0 50 38 169
5000 0 50 38 174
5000 0 50 38 179
5000 0 50 38 184
5000 0 50 38 189
5000 0 50 38 194
5000 0 50 38 199
5000 0 50 38 204
5000 0 50 38 209
5000 0 50 38 214
5000 0 50 38 219
5000 0 50 38 224
5000 0 50 38 229
5000 0 50 38 234
5000 0 50 38 239
5000 0 50 38 244
5000 0 50 38 249
5000 0 50 38 254
5000 0 50 38 259
5000 0 50 38 264
5000 0 50 38 269
5000 0 50 38 274
5000 0 50 38 279
5000 0 50 38 284
5000 0 50 38 289
5000 0 50 38 294
5000 0 50 38 299
5000 0 50 38 304
5000 0 50 38 309
5000 0 50 38 314
5000 0 50 38 319
5000 0 50 38 324
5000 0 50 38 329
5000 0 50 38 334
5000 0 50 38 339
5000 0 50 38 344
5000 0 50 38 349
5000 0 50 38 354
5000 0 50 38 359
5000 0 50 38 364
5000 0 50 38 369
5000 0 50 38 374
5000 0 50 38 379
5000 0 50 38 384
5000 0 50 38 389
5000 0 50 38 394
5000 0 50 38 399
5000 0 50 38 404
5000 0 50 38 409
5000 0 50 38 414
5000 0 50 38 419
5000 0 50 38 424
5000 0 50 38 429
5000 0 50 38 434
5000 0 50 38 439
5000 0 50 38 444
5000 0 50 38 449
5000 0 50 38 454
5000 0 50 38 459
5000 0 50 38 464
5000 0 50 38 469
5000 0 50 38 474
5000 0 50 38 479
5000 0 50 38 484
5000 0 50 38 489
5000 0 50 38 494
5000 0 50 38 499
5000 0 50 38 504
5000 0 50 38 509
5000 0 50 38 514
5000 0 50 38 519
5000 0 50 38 524
5000 0 50 38 529
5000 0 50 38 534
5000 0 50 38 539
5000 0 50 38 544
5000 0 50 38 549
5000 0 50 38 554
5000 0 50 38 559
5000 0 50 38 564
5000 0 50 38 569
5000 0 50 38 574
5000 0 50 38 579
5000 0 50 38 584
5000 0 50 38 589
5000 0 50 38 594
5000 0 50 38 599
5000 0 50 38 604
5000 0 50 38 609
5000 0 50 38 614
5000 0 50 38 619
5000 0 50 38 624
5000 0 50 38 629
5000 0 50 38 634
5000 0 50 38 639
5000 0 50 38 644
5000 0 50 38 649
5000 0 50 38 654
5000 0 50 38 659
5000 0 50 38 664
5000 0 50 38 669
5000 0 50 38 674
5000 0 50 38 679
5000 0 50 38 684
5000 0 50 38 689
5000 0 50 38 694
5000 0 50 38 699
5000 0 50 38 704
5000 0 50 38 709
5000 0 50 38 714
5000 0 50 38 719
5000 0 50 38 724
5000 0 50 38 729
5000 0 50 38 734
5000 0 50 38 739
5000 0 50 38 744
5000 0 50 38 749
5000 0 50 38 754
5000 0 50 38 759
5000 0 50 38 764
5000 0 50 38 769
5000 0 50 38 774
5000 0 50 38 779
5000 0 50 38 784
5000 0 50 38 789
5000 0 50 38 794
5000 0 50 38 799
5000 0 50 38 804
5000 0 50 38 809
5000 0 50 38 814
5000 0 50 38 819
5000 0 50 38 824
5000 0 50 38 829
5000 0 50 38 834
5000 0 50 38 839
5000 0 50 38 844
5000 0 50 38 849
5000 0 50 38 854
5000 0 50 38 859
5000 0 50 38 864
5000 0 50 38 869
5000 0 50 38 874
5000 0 50 38 879
5000 0 50 38 884
5000 0 50 38 889
5000 0 50 38 894
5000 0 50 38 899
5000 0 50 38 904
5000 0 50 38 909
5000 0 50 38 914
5000 0 50 38 919
5000 0 50 38 924
5000 0 50 38 929
5000 0 50 38 934
5000 0 50 38 939
5000 0 50 38 944
5000 0 50 38 949
5000 0 50 41 49
5000 0 50 41 54
5000 0 50 41 59
5000 0 50 41 64
5000 0 50 41 69
5000 0 50 41 74
5000 0 50 41 79
5000 0 50 41 84
5000 0 50 41 89
5000 0 50 41 94
5000 0 50 41 99
5000 0 50 41 104
5000 0 50 41 109
5000 0 50 41 114
5000 0 50 41 119
5000 0 50 41 124
5000 0 50 41 129
5000 0 50 41 134
5000 0 50 41 139
5000 0 50 41 144
5000 0 50 41 149
5000 0 50 41 154
5000 0 50 41 159
5000 0 50 41 164
5000 0 50 41 169
5000 0 50 41 174
5000 0 50 41 179
5000 0 50 41 184
5000 0 50 41 189
5000 0 50 41 194
5000 0 50 41 199
5000 0 50 41 204
5000 0 50 41 209
5000 0 50 41 214
5000 0 50 41 219
5000 0 50 41 224
5000 0 50 41 229
5000 0 50 41 234
5000 0 50 41 239
5000 0 50 41 244
5000 0 50 41 249
5000 0 50 41 254
5000 0 50 41 259
5000 0 50 41 264
5000 0 50 41 269
5000 0 50 41 274
5000 0 50 41 279
5000 0 50 41 284
5000 0 50 41 289
5000 0 50 41 294
5000 0 50 41 299
5000 0 50 41 304
5000 0 50 41 309
5000 0 50 41 314
5000 0 50 41 319
5000 0 50 41 324
5000 0 50 41 329
5000 0 50 41 334
5000 0 50 41 339
5000 0 50 41 344
5000 0 50 41 349
5000 0 50 41 354
5000 0 50 41 359
5000 0 50 41 364
5000 0 50 41 369
5000 0 50 41 374
5000 0 50 41 379
5000 0 50 41 384
5000 0 50 41 389
5000 0 50 41 394
5000 0 50 41 399
5000 0 50 41 404
5000 0 50 41 409
5000 0 50 41 414
5000 0 50 41 419
5000 0 50 41 424
5000 0 50 41 429
5000 0 50 41 434
5000 0 50 41 439
5000 0 50 41 444
5000 0 50 41 449
5000 0 50 41 454
5000 0 50 41 459
5000 0 50 41 464
5000 0 50 41 469
5000 0 50 41 474
5000 0 50 41 479
5000 0 50 41 484
5000 0 50 41 489
5000 0 50 41 494
5000 0 50 41 499
5000 0 50 41 504
5000 0 50 41 509
5000 0 50 41 514
5000 0 50 41 519
5000 0 50 41 524
5000 0 50 41 529
5000 0 50 41 534
5000 0 50 41 539
5000 0 50 41 544
5000 0 50 41 549
5000 0 50 41 554
5000 0 50 41 559
5000 0 50 41 564
5000 0 50 41 569
5000 0 50 41 574
5000 0 50 41 579
5000 0 50 41 584
5000 0 50 41 589
5000 0 50 41 594
5000 0 50 41 599
5000 0 50 41 604
5000 0 50 41 609
5000 0 50 41 614
5000 0 50 41 619
5000 0 50 41 624
5000 0 50 41 629
5000 0 50 41 634
5000 0 50 41 639
5000 0 50 41 644
5000 0 50 41 649
5000 0 50 41 654
5000 0 50 41 659
5000 0 50 41 664
5000 0 50 41 669
5000 0 50 41 674
5000 0 50 41 679
5000 0 50 41 684
5000 0 50 41 689
5000 0 50 41 694
5000 0 50 41 699
5000 0 50 41 704
5000 0 50 41 709
5000 0 50 41 714
5000 0 50 41 719
5000 0 50 41 724
5000 0 50 41 729
5000 0 50 41 734
5000 0 50 41 739
5000 0 50 41 744
5000 0 50 41 749
5000 0 50 41 754
5000 0 50 41 759
5000 0 50 41 764
5000 0 50 41 769
5000 0 50 41 774
5000 0 50 41 779
5000 0 50 41 784
5000 0 50 41 789
5000 0 50 41 794
5000 0 50 41 799
5000 0 50 41 804
5000 0 50 41 809
5000 0 50 41 814
5000 0 50 41 819
5000 0 50 41 824
5000 0 50 41 829
5000 0 50 41 834
5000 0 50 41 839
5000 0 50 41 844
5000 0 50 41 849
5000 0 50 41 854
5000 0 50 41 859
5000 0 50 41 864
5000 0 50 41 869
5000 0 50 41 874
5000 0 50 41 879
5000 0 50 41 884
5000 0 50 41 889
5000 0 50 41 894
5000 0 50 41 899
5000 0 50 41 904
5000 0 50 41 909
5000 0 50 41 914
5000 0 50 41 919
5000 0 50 41 924
5000 0 50 41 929
5000 0 50 41 934
5000 0 50 41 939
5000 0 50 41 944
5000 0 50 41 949
5000 0 50 41 954
5000 0 50 41 959
5000 0 50 41 964
5000 0 50 41 969
5000 0 50 41 974
5000 0 50 41 979
5000 0 50 41 984
5000 0 50 41 989
5000 0 50 41 994
5000 0 50 41 999
5000 0 50 41 1004
5000 0 50 41 1009
5000 0 50 41 1014
5000 0 50 41 1019
5000 0 50 41 1024
5000 0 50 44 49
5000 0 50 44 54
5000 0 50 44 59
5000 0 50 44 64
5000 0 50 44 69
5000 0 50 44 74
5000 0 50 44 79
5000 0 50 44 84
5000 0 50 44 89
5000 0 50 44 94
5000 0 50 44 99
5000 0 50 44 104
5000 0 50 44 109
5000 0 50 44 114
5000 0 50 44 119
5000 0 50 44 124
5000 0 50 44 129
5000 0 50 44 134
5000 0 50 44 139
5000 0 50 44 144
5000 0 50 44 149
5000 0 50 44 154
5000 0 50 44 159
5000 0 50 44 164
5000 0 50 44 169
5000 0 50 44 174
5000 0 50 44 179
5000 0 50 44 184
5000 0 50 44 189
5000 0 50 44 194
5000 0 50 44 199
5000 0 50 44 204
5000 0 50 44 209
5000 0 50 44 214
5000 0 50 44 219
5000 0 50 44 224
5000 0 50 44 229
5000 0 50 44 234
5000 0 50 44 239
5000 0 50 44 244
5000 0 50 44 249
5000 0 50 44 254
5000 0 50 44 259
5000 0 50 44 264
5000 0 50 44 269
5000 0 50 44 274
5000 0 50 44 279
5000 0 50 44 284
5000 0 50 44 289
5000 0 50 44 294
5000 0 50 44 299
5000 0 50 44 304
5000 0 50 44 309
5000 0 50 44 314
5000 0 50 44 319
5000 0 50 44 324
5000 0 50 44 329
5000 0 50 44 334
5000 0 50 44 339
5000 0 50 44 344
5000 0 50 44 349
5000 0 50 44 354
5000 0 50 44 359
5000 0 50 44 364
5000 0 50 44 369
5000 0 50 44 374
5000 0 50 44 379
5000 0 50 44 384
5000 0 50 44 389
5000 0 50 44 394
5000 0 50 44 399
5000 0 50 44 404
5000 0 50 44 409
5000 0 50 44 414
5000 0 50 44 419
5000 0 50 44 424
5000 0 50 44 429
5000 0 50 44 434
5000 0 50 44 439
5000 0 50 44 444
5000 0 50 44 449
5000 0 50 44 454
5000 0 50 44 459
5000 0 50 44 464
5000 0 50 44 469
5000 0 50 44 474
5000 0 50 44 479
5000 0 50 44 484
5000 0 50 44 489
5000 0 50 44 494
5000 0 50 44 499
5000 0 50 44 504
5000 0 50 44 509
5000 0 50 44 514
5000 0 50 44 519
5000 0 50 44 524
5000 0 50 44 529
5000 0 50 44 534
5000 0 50 44 539
5000 0 50 44 544
5000 0 50 44 549
5000 0 50 44 554
5000 0 50 44 559
5000 0 50 44 564
5000 0 50 44 569
5000 0 50 44 574
5000 0 50 44 579
5000 0 50 44 584
5000 0 50 44 589
5000 0 50 44 594
5000 0 50 44 599
5000 0 50 44 604
5000 0 50 44 609
5000 0 50 44 614
5000 0 50 44 619
5000 0 50 44 624
5000 0 50 44 629
5000 0 50 44 634
5000 0 50 44 639
5000 0 50 44 644
5000 0 50 44 649
5000 0 50 44 654
5000 0 50 44 659
5000 0 50 44 664
5000 0 50 44 669
5000 0 50 44 674
5000 0 50 44 679
5000 0 50 44 684
5000 0 50 44 689
5000 0 50 44 694
5000 0 50 44 699
5000 0 50 44 704
5000 0 50 44 709
5000 0 50 44 714
5000 0 50 44 719
5000 0 50 44 724
5000 0 50 44 729
5000 0 50 44 734
5000 0 50 44 739
5000 0 50 44 744
5000 0 50 44 749
5000 0 50 44 754
5000 0 50 44 759
5000 0 50 44 764
5000 0 50 44 769
5000 0 50 44 774
5000 0 50 44 779
5000 0 50 44 784
5000 0 50 44 789
5000 0 50 44 794
5000 0 50 44 799
5000 0 50 44 804
5000 0 50 44 809
5000 0 50 44 814
5000 0 50 44 819
5000 0 50 44 824
5000 0 50 44 829
5000 0 50 44 834
5000 0 50 44 839
5000 0 50 44 844
5000 0 50 44 849
5000 0 50 44 854
5000 0 50 44 859
5000 0 50 44 864
5000 0 50 44 869
5000 0 50 44 874
5000 0 50 44 879
5000 0 50 44 884
5000 0 50 44 889
5000 0 50 44 894
5000 0 50 44 899
5000 0 50 44 904
5000 0 50 44 909
5000 0 50 44 914
5000 0 50 44 919
5000 0 50 44 924
5000 0 50 44 929
5000 0 50 44 934
5000 0 50 44 939
5000 0 50 44 944
5000 0 50 44 949
5000 0 50 44 954
5000 0 50 44 959
5000 0 50 44 964
5000 0 50 44 969
5000 0 50 44 974
5000 0 50 44 979
5000 0 50 44 984
5000 0 50 44 989
5000 0 50 44 994
5000 0 50 44 999
5000 0 50 44 1004
5000 0 50 44 1009
5000 0 50 44 1014
5000 0 50 44 1019
5000 0 50 44 1024
5000 0 50 44 1029
5000 0 50 44 1034
5000 0 50 44 1039
5000 0 50 44 1044
5000 0 50 44 1049
5000 0 50 44 1054
5000 0 50 44 1059
5000 0 50 44 1064
5000 0 50 44 1069
5000 0 50 44 1074
5000 0 50 44 1079
5000 0 50 44 1084
5000 0 50 44 1089
5000 0 50 44 1094
5000 0 50 44 1099
5000 0 50 47 49
5000 0 50 47 54
5000 0 50 47 59
5000 0 50 47 64
5000 0 50 47 69
5000 0 50 47 74
5000 0 50 47 79
5000 0 50 47 84
5000 0 50 47 89
5000 0 50 47 94
5000 0 50 47 99
5000 0 50 47 104
5000 0 50 47 109
5000 0 50 47 114
5000 0 50 47 119
5000 0 50 47 124
5000 0 50 47 129
5000 0 50 47 134
5000 0 50 47 139
5000 0 50 47 144
5000 0 50 47 149
5000 0 50 47 154
5000 0 50 47 159
5000 0 50 47 164
5000 0 50 47 169
5000 0 50 47 174
5000 0 50 47 179
5000 0 50 47 184
5000 0 50 47 189
5000 0 50 47 194
5000 0 50 47 199
5000 0 50 47 204
5000 0 50 47 209
5000 0 50 47 214
5000 0 50 47 219
5000 0 50 47 224
5000 0 50 47 229
5000 0 50 47 234
5000 0 50 47 239
5000 0 50 47 244
5000 0 50 47 249
5000 0 50 47 254
5000 0 50 47 259
5000 0 50 47 264
5000 0 50 47 269
5000 0 50 47 274
5000 0 50 47 279
5000 0 50 47 284
5000 0 50 47 289
5000 0 50 47 294
5000 0 50 47 299
5000 0 50 47 304
5000 0 50 47 309
5000 0 50 47 314
5000 0 50 47 319
5000 0 50 47 324
5000 0 50 47 329
5000 0 50 47 334
5000 0 50 47 339
5000 0 50 47 344
5000 0 50 47 349
5000 0 50 47 354
5000 0 50 47 359
5000 0 50 47 364
5000 0 50 47 369
5000 0 50 47 374
5000 0 50 47 379
5000 0 50 47 384
5000 0 50 47 389
5000 0 50 47 394
5000 0 50 47 399
5000 0 50 47 404
5000 0 50 47 409
5000 0 50 47 414
5000 0 50 47 419
5000 0 50 47 424
5000 0 50 47 429
5000 0 50 47 434
5000 0 50 47 439
5000 0 50 47 444
5000 0 50 47 449
5000 0 50 47 454
5000 0 50 47 459
5000 0 50 47 464
5000 0 50 47 469
5000 0 50 47 474
5000 0 50 47 479
5000 0 50 47 484
5000 0 50 47 489
5000 0 50 47 494
5000 0 50 47 499
5000 0 50 47 504
5000 0 50 47 509
5000 0 50 47 514
5000 0 50 47 519
5000 0 50 47 524
5000 0 50 47 529
5000 0 50 47 534
5000 0 50 47 539
5000 0 50 47 544
5000 0 50 47 549
5000 0 50 47 554
5000 0 50 47 559
5000 0 50 47 564
5000 0 50 47 569
5000 0 50 47 574
5000 0 50 47 579
5000 0 50 47 584
5000 0 50 47 589
5000 0 50 47 594
5000 0 50 47 599
5000 0 50 47 604
5000 0 50 47 609
5000 0 50 47 614
5000 0 50 47 619
5000 0 50 47 624
5000 0 50 47 629
5000 0 50 47 634
5000 0 50 47 639
5000 0 50 47 644
5000 0 50 47 649
5000 0 50 47 654
5000 0 50 47 659
5000 0 50 47 664
5000 0 50 47 669
5000 0 50 47 674
5000 0 50 47 679
5000 0 50 47 684
5000 0 50 47 689
5000 0 50 47 694
5000 0 50 47 699
5000 0 50 47 704
5000 0 50 47 709
5000 0 50 47 714
5000 0 50 47 719
5000 0 50 47 724
5000 0 50 47 729
5000 0 50 47 734
5000 0 50 47 739
5000 0 50 47 744
5000 0 50 47 749
5000 0 50 47 754
5000 0 50 47 759
5000 0 50 47 764
5000 0 50 47 769
5000 0 50 47 774
5000 0 50 47 779
5000 0 50 47 784
5000 0 50 47 789
5000 0 50 47 794
5000 0 50 47 799
5000 0 50 47 804
5000 0 50 47 809
5000 0 50 47 814
5000 0 50 47 819
5000 0 50 47 824
5000 0 50 47 829
5000 0 50 47 834
5000 0 50 47 839
5000 0 50 47 844
5000 0 50 47 849
5000 0 50 47 854
5000 0 50 47 859
5000 0 50 47 864
5000 0 50 47 869
5000 0 50 47 874
5000 0 50 47 879
5000 0 50 47 884
5000 0 50 47 889
5000 0 50 47 894
5000 0 50 47 899
5000 0 50 47 904
5000 0 50 47 909
5000 0 50 47 914
5000 0 50 47 919
5000 0 50 47 924
5000 0 50 47 929
5000 0 50 47 934
5000 0 50 47 939
5000 0 50 47 944
5000 0 50 47 949
5000 0 50 47 954
5000 0 50 47 959
5000 0 50 47 964
5000 0 50 47 969
5000 0 50 47 974
5000 0 50 47 979
5000 0 50 47 984
5000 0 50 47 989
5000 0 50 47 994
5000 0 50 47 999
5000 0 50 47 1004
5000 0 50 47 1009
5000 0 50 47 1014
5000 0 50 47 1019
5000 0 50 47 1024
5000 0 50 47 1029
5000 0 50 47 1034
5000 0 50 47 1039
5000 0 50 47 1044
5000 0 50 47 1049
5000 0 50 47 1054
5000 0 50 47 1059
5000 0 50 47 1064
5000 0 50 47 1069
5000 0 50 47 1074
5000 0 50 47 1079
5000 0 50 47 1084
5000 0 50 47 1089
5000 0 50 47 1094
5000 0 50 47 1099
5000 0 50 47 1104
5000 0 50 47 1109
5000 0 50 47 1114
5000 0 50 47 1119
5000 0 50 47 1124
5000 0 50 47 1129
5000 0 50 47 1134
5000 0 50 47 1139
5000 0 50 47 1144
5000 0 50 47 1149
5000 0 50 47 1154
5000 0 50 47 1159
5000 0 50 47 1164
5000 0 50 47 1169
5000 0 50 47 1174