14 4
1 13
3 11
6 9
12 14
13 4
7 14
2 4
14 13
5 3
9 15
6 13
12 3
5 8
3 8
1 2
7 4
11 2
15 6
1 9
14 15
5 11
13 10
9 8
6 8
1 11
3 1
15 8
8 2
7 15
6 2
7 5
10 4
15 2
9 12
7 3
13 15
3 10
2 12
2 3
4 3
robustness=0.900562851782
*****
15 11
2 3
6 11
14 10
4 2
2 6
5 3
9 3
7 12
5 14
8 12
14 8
11 13
7 3
14 3
10 2
7 13
2 13
9 7
15 1
7 6
11 10
2 15
8 1
12 2
9 6
12 5
10 12
11 2
11 3
12 4
11 9
9 8
1 9
12 14
5 15
6 13
1 2
5 8
1 13
15 3
robustness=0.900562851782
*****
15 10
11 8
10 12
7 4
15 14
7 13
10 4
1 2
2 15
8 3
5 2
12 9
4 8
14 8
7 2
5 12
12 6
5 9
3 15
6 10
11 5
4 9
4 12
13 12
7 1
7 12
5 4
2 8
2 10
14 3
15 12
8 9
13 15
15 9
13 6
3 9
4 15
5 3
1 6
11 14
6 2
robustness=0.928705440901
*****
10 13
15 11
10 5
15 1
9 14
6 9
11 10
8 6
13 7
13 9
11 7
6 10
4 14
8 10
10 12
4 8
13 12
4 2
3 14
10 2
2 11
7 3
4 15
7 8
14 5
7 15
11 4
13 14
15 8
12 14
6 13
7 1
8 12
4 10
9 5
8 14
1 9
1 12
2 7
15 13
14 1
robustness=0.928705440901
*****
1 9
10 15
15 2
6 1
6 15
1 14
15 5
9 2
1 15
13 10
7 4
7 6
6 8
12 14
13 5
1 10
14 2
10 3
10 2
12 6
3 12
13 11
3 1
11 3
12 4
3 15
8 9
4 3
15 13
7 9
11 7
2 4
7 12
6 5
13 4
10 6
4 8
6 4
7 2
4 1
12 11
robustness=0.928705440901
*****
9 10
3 12
2 5
11 5
11 3
14 9
14 4
14 5
7 3
10 4
3 1
7 13
13 2
4 1
12 1
9 6
4 2
4 7
5 15
5 13
15 6
15 14
5 6
9 7
10 6
15 10
2 11
6 3
5 8
5 1
8 15
8 10
3 10
15 2
7 8
3 8
11 1
9 13
8 13
7 2
8 4
robustness=0.928705440901
*****
10 9
15 10
7 3
13 15
14 15
10 12
5 1
14 5
12 2
3 14
9 3
13 2
6 7
10 11
1 14
9 11
13 6
11 7
12 3
10 13
15 11
3 6
4 11
1 4
5 7
7 12
3 10
6 12
9 5
9 14
3 2
3 15
15 12
4 14
2 4
9 2
2 1
8 11
7 8
8 13
3 8
robustness=0.900562851782
*****
3 7
5 9
13 3
7 10
15 6
2 5
11 9
11 14
9 2
6 1
6 4
11 2
5 8
14 12
14 6
2 6
9 6
8 7
7 13
3 12
10 14
8 13
15 13
10 4
7 1
13 14
5 6
9 8
15 2
14 9
11 3
11 1
3 8
4 12
11 6
2 12
15 4
12 15
4 9
6 7
13 1
robustness=0.900562851782
*****
9 14
12 5
3 13
2 15
4 3
6 1
10 11
12 14
13 2
13 9
7 3
12 3
8 4
11 9
8 9
8 3
15 4
12 13
14 6
12 10
1 5
15 10
15 1
11 2
7 6
8 13
10 5
10 7
5 7
8 14
7 11
15 8
11 4
5 6
2 3
9 5
2 14
14 1
2 1
7 9
12 9
robustness=0.956848030019
*****
1 10
4 1
11 13
12 4
6 13
14 1
4 6
6 1
14 13
7 8
8 3
13 8
3 7
15 7
2 12
13 9
3 9
14 5
13 4
15 8
3 2
3 1
6 10
3 10
2 14
14 8
13 10
13 5
11 10
9 12
6 11
12 1
9 10
6 15
8 6
1 15
15 4
15 14
15 10
7 6
6 9
robustness=0.900562851782
*****
10 7
3 15
13 7
15 13
2 1
8 14
10 3
12 7
8 10
1 8
14 1
12 14
11 3
7 2
15 1
13 6
9 14
3 14
14 13
8 9
1 10
14 7
15 6
12 1
5 13
7 6
2 12
4 8
11 9
11 4
12 3
9 4
5 2
10 9
11 6
14 6
12 8
10 15
11 12
8 2
15 5
robustness=0.928705440901
*****
1 9
10 15
1 12
4 7
3 1
7 2
1 5
14 9
10 1
13 10
13 15
4 1
3 13
2 11
10 14
6 12
6 10
1 8
12 14
10 12
10 11
8 12
5 13
5 14
8 4
14 15
8 2
15 7
2 14
11 15
1 2
5 6
6 2
8 15
14 6
14 7
2 4
10 4
10 9
3 8
13 7
robustness=0.900562851782
*****
4 10
7 13
7 4
12 7
5 8
8 2
4 15
9 12
1 5
9 1
9 14
11 4
2 15
8 14
12 3
3 4
13 8
6 14
6 15
14 2
7 10
2 12
11 1
13 6
4 8
5 11
7 5
3 9
3 5
8 1
4 2
14 12
4 13
1 3
1 6
4 9
12 11
9 8
5 13
8 10
12 1
robustness=0.900562851782
*****
7 5
3 10
9 14
1 3
4 14
13 6
14 10
1 5
12 15
6 14
4 9
12 9
7 15
2 14
13 2
7 9
2 12
9 2
1 12
9 11
5 15
10 7
10 15
12 6
13 15
3 2
8 11
2 6
13 4
2 4
10 8
4 8
11 6
4 7
10 9
15 2
6 9
4 12
4 5
5 3
10 12
robustness=0.928705440901
*****
